    57.9400    141.700    98.4000
  440
  0  -10   0.147162
  0  -9   -2.86668E-02
  0  -8  -0.136001
  0  -7   0.272745
  0  -6  -0.300346
  0  -5   0.163079
  0  -4   0.142959
  0  -3  -0.561163
  0  -2   0.988244
  0  -1   -1.30672
  0  1   -1.30672
  0  2   0.988244
  0  3  -0.561163
  0  4   0.142959
  0  5   0.163079
  0  6  -0.300346
  0  7   0.272745
  0  8  -0.136001
  0  9   -2.86668E-02
  0  10   0.147162
  1  -10   0.245480
  1  -9  -0.307993
  1  -8   0.172384
  1  -7   0.246181
  1  -6  -0.907274
  1  -5    1.54742
  1  -4   -1.55838
  1  -3  -0.308184
  1  -2    7.41145
  1  -1   -41.9339
  1  0  -100.0000
  1  1    33.7383
  1  2   -19.8726
  1  3    11.8070
  1  4   -6.01261
  1  5    1.93889
  1  6   0.526550
  1  7   -1.56590
  1  8    1.53014
  1  9  -0.884777
  1  10    9.47880E-02
  2  -10   0.193679
  2  -9  -0.555048
  2  -8   0.778323
  2  -7  -0.602846
  2  -6  -0.201337
  2  -5    1.69883
  2  -4   -3.60944
  2  -3    4.96091
  2  -2   -2.38835
  2  -1   -56.8368
  2  0   -43.9649
  2  1    31.1128
  2  2   -25.4511
  2  3    19.9686
  2  4   -14.1335
  2  5    8.43796
  2  6   -3.57807
  2  7   0.106750
  2  8    1.75052
  2  9   -2.14306
  2  10    1.51892
  3  -10   0.265356
  3  -9   0.132184
  3  -8  -0.687137
  3  -7    1.15017
  3  -6   -1.14159
  3  -5   0.215441
  3  -4    2.08194
  3  -3   -6.34803
  3  -2    15.3182
  3  -1    42.4365
  3  0    6.40897
  3  1   -12.6918
  3  2    15.3668
  3  3   -15.6516
  3  4    13.9746
  3  5   -10.9052
  3  6    7.18579
  3  7   -3.59153
  3  8   0.752852
  3  9   0.979215
  3  10   -1.58201
  4  -10   -2.09683
  4  -9    1.75288
  4  -8   -9.41005E-02
  4  -7   -2.67046
  4  -6    5.61423
  4  -5   -7.00288
  4  -4    4.04017
  4  -3    9.40849
  4  -2   -80.6570
  4  -1   -85.5961
  4  0    21.4377
  4  1    2.88293
  4  2   -19.4555
  4  3    30.2816
  4  4   -35.1588
  4  5    34.2905
  4  6   -28.7761
  4  7    20.4652
  4  8   -11.5061
  4  9    3.81009
  4  10    1.38259
  5  -10  -0.477630
  5  -9   0.888909
  5  -8  -0.960460
  5  -7   0.394930
  5  -6   0.977712
  5  -5   -3.06198
  5  -4    5.35768
  5  -3   -6.50576
  5  -2   -37.7132
  5  -1   -15.2152
  5  0    11.3923
  5  1   -6.82193
  5  2    1.06531
  5  3    5.09744
  5  4  -10.56767
  5  5    14.3186
  5  6   -15.6996
  5  7    14.6186
  5  8   -11.5574
  5  9    7.41828
  5  10   -3.25430
  6  -10  -0.130756
  6  -9  -0.441673
  6  -8    1.08251
  6  -7   -1.43025
  6  -6    1.00290
  6  -5   0.768932
  6  -4   -4.82266
  6  -3    16.4634
  6  -2    28.1539
  6  -1  -0.643751
  6  0   -4.48687
  6  1    5.93917
  6  2   -4.89248
  6  3    1.92328
  6  4    2.17851
  6  5   -6.41840
  6  6    9.80450
  6  7   -11.5943
  6  8    11.4804
  6  9   -9.65182
  6  10    6.70694
  7  -10    3.57646
  7  -9   -1.96227
  7  -8   -1.81838
  7  -7    6.90336
  7  -6   -11.2576
  7  -5    11.4153
  7  -4   0.263910
  7  -3   -106.066
  7  -2   -73.5922
  7  -1    28.4303
  7  0   -6.64635
  7  1   -8.16222
  7  2    16.0642
  7  3   -16.3126
  7  4    9.40163
  7  5    2.59197
  7  6   -16.4300
  7  7    28.5640
  7  8   -36.0946
  7  9    37.5184
  7  10   -33.0339
  8  -10   0.172056
  8  -9  -0.280742
  8  -8   0.254338
  8  -7    4.75335E-02
  8  -6  -0.739662
  8  -5    1.88989
  8  -4   -3.77293
  8  -3   -12.1822
  8  -2   -2.59837
  8  -1    3.14387
  8  0   -2.52676
  8  1    1.17511
  8  2   0.470994
  8  3   -1.86247
  8  4    2.46909
  8  5   -1.94731
  8  6   0.270084
  8  7    2.23602
  8  8   -4.96887
  8  9    7.22434
  8  10   -8.41119
  9  -10   -3.09020E-02
  9  -9   0.245379
  9  -8  -0.482574
  9  -7   0.562882
  9  -6  -0.184791
  9  -5   -1.25971
  9  -4    7.67921
  9  -3    9.41049
  9  -2   -1.64811
  9  -1  -0.708606
  9  0    1.82916
  9  1   -1.97331
  9  2    1.27385
  9  3   -3.98866E-02
  9  4   -1.24665
  9  5    2.05150
  9  6   -1.95558
  9  7   0.803042
  9  8    1.22816
  9  9   -3.66476
  9  10    5.87768
  10  -10   -4.17269
  10  -9   0.632529
  10  -8    5.61627
  10  -7   -12.9964
  10  -6    18.4064
  10  -5   -15.2604
  10  -4   -119.643
  10  -3   -53.9065
  10  -2    30.3317
  10  -1   -13.4080
  10  0  -0.771327
  10  1   10.30377
  10  2   -13.5614
  10  3   10.52637
  10  4   -3.05161
  10  5   -5.62973
  10  6    11.9094
  10  7   -12.9651
  10  8    7.67776
  10  9    3.00868
  10  10   -16.4037
  11  -10   0.852431
  11  -9  -0.890702
  11  -8   0.402958
  11  -7   0.693613
  11  -6   -2.48251
  11  -5    6.16487
  11  -4    10.7839
  11  -3   0.407508
  11  -2   -1.47706
  11  -1    1.35495
  11  0  -0.779749
  11  1   0.139321
  11  2   0.311446
  11  3  -0.465188
  11  4   0.361148
  11  5  -0.136855
  11  6   -5.20925E-02
  11  7   0.110554
  11  8   -4.64878E-02
  11  9   -3.92449E-02
  11  10    9.44644E-03
  12  -10  -0.481076
  12  -9    1.19883
  12  -8   -1.57191
  12  -7    1.18480
  12  -6   0.686081
  12  -5   -11.1279
  12  -4   -8.04573
  12  -3    2.23126
  12  -2  -0.208657
  12  -1  -0.707965
  12  0   0.906248
  12  1  -0.652248
  12  2   0.225267
  12  3   0.135495
  12  4  -0.297125
  12  5   0.257687
  12  6  -0.115487
  12  7   -1.57006E-03
  12  8    1.22761E-02
  12  9    7.15663E-02
  12  10  -0.149793
  13  -10    3.50186
  13  -9    2.40898
  13  -8   -11.5256
  13  -7    22.2282
  13  -6   -32.7760
  13  -5   -118.839
  13  -4   -31.1431
  13  -3    26.5183
  13  -2   -16.6581
  13  -1    5.11370
  13  0    4.74697
  13  1  -10.29742
  13  2   10.44631
  13  3   -5.97183
  13  4  -0.789274
  13  5    6.81166
  13  6   -9.50692
  13  7    7.69639
  13  8   -2.07186
  13  9   -5.03254
  13  10   10.48129
  14  -10   -2.39378
  14  -9    2.03578
  14  -8    7.02669E-02
  14  -7   -4.99108
  14  -6    20.4703
  14  -5    25.7947
  14  -4   -2.49342
  14  -3   -2.33610
  14  -2    3.66122
  14  -1   -3.06168
  14  0    1.44332
  14  1   0.343311
  14  2   -1.59652
  14  3    1.93080
  14  4   -1.35994
  14  5   0.244604
  14  6   0.878145
  14  7   -1.51764
  14  8    1.41957
  14  9  -0.653542
  14  10  -0.429289
  15  -10    2.55038
  15  -9   -4.74633
  15  -8    5.58682
  15  -7   -2.70770
  15  -6   -37.1115
  15  -5   -19.1584
  15  -4    8.61022
  15  -3   -2.88300
  15  -2  -0.949071
  15  -1    2.90660
  15  0   -3.07028
  15  1    1.91014
  15  2  -0.188712
  15  3   -1.29377
  15  4    1.96851
  15  5   -1.66991
  15  6   0.647443
  15  7   0.577797
  15  8   -1.44769
  15  9    1.59674
  15  10  -0.989148
  16  -10   -1.39311
  16  -9   -7.37887
  16  -8    21.2642
  16  -7   -46.9447
  16  -6  -104.1341
  16  -5   -10.7850
  16  -4    18.6929
  16  -3   -15.9696
  16  -2    8.56674
  16  -1  -0.145331
  16  0   -6.26470
  16  1    8.75913
  16  2   -7.02922
  16  3    2.34725
  16  4    2.99851
  16  5   -6.62865
  16  6    7.01249
  16  7   -4.06117
  16  8  -0.858596
  16  9    5.49949
  16  10   -7.67589
  17  -10    4.03320
  17  -9   -2.39455
  17  -8   -3.89646
  17  -7    34.2742
  17  -6    30.6139
  17  -5   -7.13807
  17  -4  -0.383191
  17  -3    3.77855
  17  -2   -4.39201
  17  -1    3.05361
  17  0  -0.779885
  17  1   -1.35932
  17  2    2.53931
  17  3   -2.42208
  17  4    1.22368
  17  5   0.422900
  17  6   -1.75340
  17  7    2.19248
  17  8   -1.58216
  17  9   0.231145
  17  10    1.22957
  18  -10   -7.45505
  18  -9    12.1197
  18  -8   -14.0138
  18  -7   -64.8270
  18  -6   -21.1939
  18  -5    14.2992
  18  -4   -7.49156
  18  -3    1.27402
  18  -2    3.10902
  18  -1   -4.90582
  18  0    4.19521
  18  1   -1.82865
  18  2  -0.920983
  18  3    2.84802
  18  4   -3.24642
  18  5    2.12361
  18  6  -0.125017
  18  7   -1.78593
  18  8    2.75315
  18  9   -2.38338
  18  10   0.892115
  19  -10   -2.20466
  19  -9    15.7841
  19  -8   -52.9386
  19  -7   -79.3905
  19  -6    3.07674
  19  -5    9.76322
  19  -4   -12.1915
  19  -3    9.10545
  19  -2   -3.36263
  19  -1   -2.37160
  19  0    5.96742
  19  1   -6.37570
  19  2    3.87662
  19  3   0.136327
  19  4   -3.77536
  19  5    5.44461
  19  6   -4.48423
  19  7    1.41589
  19  8    2.30811
  19  9   -4.94701
  19  10    5.23914
  20  -10   -5.31454
  20  -9   0.600554
  20  -8    42.3640
  20  -7    26.3939
  20  -6  -10.09154
  20  -5    2.49571
  20  -4    2.14397
  20  -3   -4.19373
  20  -2    3.93253
  20  -1   -2.08674
  20  0  -0.286989
  20  1    2.13853
  20  2   -2.77699
  20  3    2.08428
  20  4  -0.504116
  20  5   -1.18471
  20  6    2.21494
  20  7   -2.15447
  20  8    1.07607
  20  9   0.492586
  20  10   -1.81239
