Katsaras-95 L-DMPC 98%-RH 25C
56.5 144.0 99.0
21.5 120.0 0.0 0.0
6 -4 1.446
6 -3 82.99
6 -2 37.28
6 -1 6.756
6 0 1.936
6 1 0.358
6 3 0.223
6 4 0.614
5 -4 3.814
5 -3 17.23
5 -2 105.3
5 -1 0.263
5 0 0.418
5 1 1.236
5 2 1.621
5 3 1.489
5 4 0.984
4 -4 0.182
4 -3 0.196
4 -2 97.16
4 -1 23.09
4 0 7.185
4 1 3.202
4 2 1.175
4 3 0.176
4 4 0.048
3 -4 0.732
3 -3 3.620
3 -2 28.47
3 -1 95.07
3 0 2.376
3 2 0.761
3 3 2.167
3 4 3.597
2 -4 0.440
2 -3 0.543
2 -2 0.186
2 -1 106.5
2 0 13.43
2 1 8.947
2 2 7.859
2 3 7.062
2 4 6.116
1 -4 0.004
1 -3 0.161
1 -2 1.764
1 -1 34.05
1 0 100.0
1 1 14.57
1 2 6.688
1 3 3.833
1 4 2.274
0 -4 0.037
0 -3 0.066
0 -2 0.095
0 -1 0.117
0 1 0.117
0 2 0.095
0 3 0.066
0 4 0.037
