Katsaras_95_lat L-DMPC 98%RH 25C
56.5 144 99
20.5 101.5 0.0 0.0 0.0
6 -4 6.719
6 -3 78.07
6 -2 11.01
6 -1 5.725
6 0 0.937
6 1 0.221
6 2 1.879
6 3 1.869
6 4 0.194
5 -4 0.409
5 -3 43.43
5 -2 56.74
5 -1 0.721
5 0 1.472
5 1 3.445
5 2 1.792
5 4 2.879
4 -4 2.114
4 -3 6.215 
4 -2 78.08 
4 -1 12.16
4 0 7.395
4 1 1.489
4 2 0.435
4 3 5.791
4 4 12.56
3 -4 0.287
3 -3 0.322
3 -2 40.42
3 -1 61.61
3 0 1.014 
3 1 2.680
3 2 10.53
3 3 15.36
3 4 13.68
2 -4 0.122
2 -3 1.341 
2 -2 4.863
2 -1 78.08
2 0 17.45
2 1 20.15 
2 2 17.65
2 3 11.39
2 4 5.012
1 -4 0.085
1 -3 0.087
1 -2 0.133
1 -1 28.55
1 0 100.0 
1 1 19.14
1 2 7.097 
1 3 2.160
1 4 0.329
0 -4 0.001
0 -3 0.007
0 -2 0.051
0 -1 0.118
0 1 0.118
0 2 0.051
0 3 0.007
0 4 0.001
