     302      2362    6749       .49488     18.11500       .00000
     301      1963    6747       .50724     18.12500       .00000
     300      2038    6823       .51961     18.11500       .00000
     299      4384    6743       .53197     18.10200       .00000
     298      4331    6843       .54434     18.11500       .00000
     297      3823    6965       .55671     18.11500       .00000
     296      3375    6779       .56907     18.11500       .00000
     295      3248    6913       .58144     18.10200       .00000
     294      2874    6753       .59380     18.11500       .00000
     293      2652    6792       .60617     18.11500       .00000
     292      2431    6844       .61854     18.10200       .00000
     291      2015    6886       .63090     18.08900       .00000
     290      1948    6889       .64327     18.08900       .00000
     289      1755    6707       .65564     18.08900       .00000
     288      1580    6849       .66800     18.10200       .00000
     287      1502    6770       .68037     18.11500       .00000
     286      1344    6793       .69274     18.12500       .00000
     285      1325    6739       .70510     18.11500       .00000
     284      1259    6854       .71747     18.10200       .00000
     283      1088    6770       .72984     18.10200       .00000
     282      1057    6641       .74221     18.08900       .00000
     281       948    6810       .75457     18.08900       .00000
     280       920    6655       .76694     18.10200       .00000
     279       863    6928       .77931     18.07900       .00000
     278       850    6830       .79168     18.07900       .00000
     277       749    6673       .80404     18.08900       .00000
     276       716    6794       .81641     18.07900       .00000
     275       717    6774       .82878     18.11500       .00000
     274       606    6747       .84115     18.11500       .00000
     273       634    6986       .85351     18.10200       .00000
     272       588    6879       .86588     18.12500       .00000
     271       561    6671       .87825     18.10200       .00000
     270       527    6915       .89062     18.10200       .00000
     269       517    6800       .90299     18.10200       .00000
     268       482    6797       .91535     18.10200       .00000
     267       455    6895       .92772     18.08900       .00000
     266       483    6837       .94009     18.10200       .00000
     265       444    6883       .95246     18.08900       .00000
     264       435    6752       .96483     18.11500       .00000
     263       436    6839       .97720     18.11500       .00000
     262       444    6701       .98957     18.10200       .00000
     261       445    6884      1.00193     18.12500       .00000
     260       357    6818      1.01430     18.13800       .00000
     259       372    6724      1.02667     18.12500       .00000
     258       353    6832      1.03904     18.11500       .00000
     257       373    6831      1.05141     18.11500       .00000
     256       364    6797      1.06378     18.07900       .00000
     255       410    6864      1.07615     18.08900       .00000
     254       367    6867      1.08852     18.10200       .00000
     253       374    6759      1.10088     18.11500       .00000
     252       320    6759      1.11325     18.10200       .00000
     251       356    6783      1.12562     18.08900       .00000
     250       397    6624      1.13799     18.08900       .00000
     249       423    6872      1.15036     18.10200       .00000
     248       426    6772      1.16273     18.10200       .00000
     247       387    6664      1.17510     18.10200       .00000
     246       443    6789      1.18747     18.07900       .00000
     245       385    6771      1.19984     18.08900       .00000
     244       384    6804      1.21221     18.10200       .00000
     243       369    6938      1.22458     18.11500       .00000
     242       362    7033      1.23695     18.10200       .00000
     241       363    6721      1.24931     18.11500       .00000
     240       337    6911      1.26168     18.13800       .00000
     239       429    6849      1.27405     18.10200       .00000
     238       378    6646      1.28642     18.08900       .00000
     237       439    6670      1.29879     18.08900       .00000
     236       428    6898      1.31116     18.10200       .00000
     235       533    6717      1.32353     18.10200       .00000
     234       547    6712      1.33590     18.10200       .00000
     233       658    6869      1.34827     18.07900       .00000
     232       763    6723      1.36064     18.07900       .00000
     231       939    6927      1.37301     18.08900       .00000
     230      1034    6889      1.38538     18.08900       .00000
     229      1284    6770      1.39775     18.08900       .00000
     228      1643    6880      1.41012     18.11500       .00000
     227      2032    6877      1.42249     18.11500       .00000
     226      2698    6731      1.43486     18.11500       .00000
     225      3507    6832      1.44723     18.08900       .00000
     224      4451    6684      1.45960     18.08900       .00000
     223      6239    6740      1.47197     18.08900       .00000
     222      8541    6801      1.48434     18.11500       .00000
     221     11171    6704      1.49671     18.13800       .00000
     220     12592    6791      1.50908     18.13800       .00000
     219     12366    6844      1.52145     18.13800       .00000
     218     10522    6736      1.53382     18.12500       .00000
     217      7530    6762      1.54618     18.12500       .00000
     216      4608    6773      1.55855     18.11500       .00000
     215      2461    6693      1.57092     18.11500       .00000
     214      1364    6783      1.58329     18.10200       .00000
     213       828    6771      1.59566     18.10200       .00000
     212       612    6868      1.60803     18.10200       .00000
     211       549    6772      1.62040     18.11500       .00000
     210       499    6814      1.63277     18.12500       .00000
     209       556    7025      1.64514     18.11500       .00000
     208       509    6817      1.65751     18.11500       .00000
     207       615    6789      1.66988     18.11500       .00000
     206       763    6810      1.68225     18.11500       .00000
     205       747    6895      1.69462     18.12500       .00000
     204       817    6800      1.70699     18.12500       .00000
     203       793    6808      1.71936     18.13800       .00000
     202       689    6672      1.73173     18.13800       .00000
     201       517    6857      1.74410     18.14800       .00000
     200       465    6822      1.75647     18.14800       .00000
     199       316    6847      1.76884     18.16100       .00000
     198       285    7098      1.78121     18.14800       .00000
     197       239    6799      1.79358     18.12500       .00000
     196       218    6844      1.80595     18.13800       .00000
     195       224    6988      1.81832     18.12500       .00000
     194       195    6847      1.83069     18.14800       .00000
     193       177    6779      1.84305     18.14800       .00000
     192       180    6828      1.85542     18.16100       .00000
     191       194    6859      1.86779     18.14800       .00000
     190       173    6852      1.88016     18.16100       .00000
     189       148    6895      1.89253     18.14800       .00000
     188       155    6881      1.90490     18.16100       .00000
     187       160    6813      1.91727     18.16100       .00000
     186       144    6813      1.92964     18.13800       .00000
     185       140    6895      1.94201     18.13800       .00000
     184       145    6729      1.95438     18.12500       .00000
     183       130    6862      1.96675     18.13800       .00000
     182       130    6802      1.97912     18.14800       .00000
     181       127    6832      1.99148     18.14800       .00000
     180       123    6792      2.00385     18.16100       .00000
     179       133    6916      2.01622     18.16100       .00000
     178       154    6765      2.02859     18.17100       .00000
     177       126    6852      2.04096     18.16100       .00000
     176       101    6962      2.05333     18.13800       .00000
     175       124    6678      2.06570     18.13800       .00000
     174       119    6857      2.07807     18.13800       .00000
     173       104    6908      2.09043     18.13800       .00000
     172       115    6766      2.10280     18.13800       .00000
     171       125    6755      2.11517     18.12500       .00000
     170       120    6772      2.12754     18.13800       .00000
     169       129    6836      2.13991     18.11500       .00000
     168       127    6959      2.15228     18.10200       .00000
     167       131    6799      2.16465     18.10200       .00000
     166       128    6851      2.17701     18.10200       .00000
     165       119    6839      2.18938     18.12500       .00000
     164        94    6892      2.20175     18.11500       .00000
     163       113    6789      2.21412     18.12500       .00000
     162       138    6857      2.22649     18.12500       .00000
     161       124    6721      2.23885     18.10200       .00000
     160        91    6649      2.25122     18.11500       .00000
     159       106    6910      2.26359     18.11500       .00000
     158       119    6677      2.27596     18.12500       .00000
     157       109    6871      2.28832     18.11500       .00000
     156       112    6830      2.30069     18.10200       .00000
     155        84    6837      2.31306     18.10200       .00000
     154       120    6812      2.32543     18.11500       .00000
     153        82    6996      2.33779     18.11500       .00000
     152       122    6632      2.35016     18.10200       .00000
     151       118    6742      2.36253     18.10200       .00000
     150       134    6826      2.37490     18.12500       .00000
     149       108    6655      2.38726     18.10200       .00000
     148       116    6693      2.39963     18.10200       .00000
     147       108    6800      2.41200     18.08900       .00000
     146       130    6815      2.42436     18.08900       .00000
     145       107    6685      2.43673     18.10200       .00000
     144       101    6953      2.44910     18.11500       .00000
     143       105    6808      2.46146     18.10200       .00000
     142       122    6646      2.47383     18.10200       .00000
     141       118    6749      2.48620     18.08900       .00000
     140       121    6841      2.49856     18.10200       .00000
     139       106    6818      2.51093     18.10200       .00000
     138       113    6840      2.52329     18.11500       .00000
     137        93    6969      2.53566     18.11500       .00000
     136        98    6755      2.54803     18.12500       .00000
     135       109    6842      2.56039     18.13800       .00000
     134        95    6696      2.57276     18.13800       .00000
     133       115    6766      2.58512     18.12500       .00000
     132       101    6875      2.59749     18.13800       .00000
     131        86    6908      2.60985     18.12500       .00000
     130       108    6852      2.62222     18.11500       .00000
     129       102    6823      2.63459     18.10200       .00000
     128       115    6778      2.64695     18.08900       .00000
     127        87    6821      2.65932     18.08900       .00000
     126        95    6994      2.67168     18.08900       .00000
     125       118    6720      2.68405     18.08900       .00000
     124        96    6836      2.69641     18.10200       .00000
     123        96    6773      2.70877     18.11500       .00000
     122        90    6803      2.72114     18.12500       .00000
     121        99    6915      2.73350     18.13800       .00000
     120        77    6917      2.74587     18.12500       .00000
     119        90    6802      2.75823     18.12500       .00000
     118        95    6858      2.77060     18.12500       .00000
     117        82    6891      2.78296     18.11500       .00000
     116        93    6939      2.79532     18.08900       .00000
     115        97    6813      2.80769     18.08900       .00000
     114       108    7060      2.82005     18.11500       .00000
     113       104    6826      2.83241     18.11500       .00000
     112       109    6785      2.84478     18.11500       .00000
     111       100    6893      2.85714     18.11500       .00000
     110       133    6823      2.86950     18.10200       .00000
     302       134    6896      2.87488     18.14800       .00000
     301       151    6602      2.88724     18.14800       .00000
     300       177    6714      2.89961     18.16100       .00000
     299       203    6740      2.91197     18.17100       .00000
     298       244    6972      2.92434     18.18300       .00000
     297       283    6758      2.93671     18.18300       .00000
     296       366    6626      2.94907     18.17100       .00000
     295       468    6922      2.96144     18.18300       .00000
     294       654    6825      2.97380     18.18300       .00000
     293       918    6712      2.98617     18.18300       .00000
     292      1211    6812      2.99854     18.17100       .00000
     291      1418    6829      3.01090     18.16100       .00000
     290      1378    6909      3.02327     18.14800       .00000
     289      1289    6846      3.03564     18.13800       .00000
     288       999    6850      3.04800     18.12500       .00000
     287       709    6683      3.06037     18.13800       .00000
     286       495    6915      3.07274     18.12500       .00000
     285       376    6993      3.08510     18.12500       .00000
     284       302    6823      3.09747     18.12500       .00000
     283       275    6830      3.10984     18.12500       .00000
     282       249    6699      3.12221     18.12500       .00000
     281       222    6848      3.13457     18.12500       .00000
     280       258    6695      3.14694     18.13800       .00000
     279       298    6846      3.15931     18.12500       .00000
     278       376    6746      3.17168     18.11500       .00000
     277       362    6708      3.18404     18.11500       .00000
     276       362    6870      3.19641     18.10200       .00000
     275       329    6861      3.20878     18.10200       .00000
     274       305    6761      3.22115     18.12500       .00000
     273       266    6837      3.23351     18.13800       .00000
     272       192    6704      3.24588     18.12500       .00000
     271       132    6754      3.25825     18.13800       .00000
     270       125    6808      3.27062     18.12500       .00000
     269       111    6855      3.28299     18.14800       .00000
     268       138    6801      3.29535     18.13800       .00000
     267       117    6748      3.30772     18.12500       .00000
     266       132    7033      3.32009     18.11500       .00000
     265       121    6735      3.33246     18.11500       .00000
     264       125    6863      3.34483     18.12500       .00000
     263       124    6952      3.35720     18.11500       .00000
     262       131    6771      3.36957     18.12500       .00000
     261       149    6829      3.38193     18.11500       .00000
     260       143    6959      3.39430     18.11500       .00000
     259       170    6833      3.40667     18.10200       .00000
     258       169    6757      3.41904     18.08900       .00000
     257       187    6897      3.43141     18.10200       .00000
     256       188    6866      3.44378     18.07900       .00000
     255       175    6729      3.45615     18.07900       .00000
     254       182    6822      3.46852     18.08900       .00000
     253       141    6853      3.48088     18.10200       .00000
     252       117    6667      3.49325     18.10200       .00000
     251       141    6877      3.50562     18.11500       .00000
     250       101    6811      3.51799     18.10200       .00000
     249       126    6772      3.53036     18.11500       .00000
     248        98    6976      3.54273     18.11500       .00000
     247        95    6933      3.55510     18.11500       .00000
     246       123    6691      3.56747     18.11500       .00000
     245        99    6917      3.57984     18.11500       .00000
     244       107    6932      3.59221     18.11500       .00000
     243       101    6852      3.60458     18.11500       .00000
     242        84    6899      3.61695     18.10200       .00000
     241        83    6963      3.62931     18.12500       .00000
     240        88    6811      3.64168     18.12500       .00000
     239       105    6891      3.65405     18.11500       .00000
     238       104    6886      3.66642     18.12500       .00000
     237       111    6761      3.67879     18.13800       .00000
     236       115    6813      3.69116     18.11500       .00000
     235       131    6776      3.70353     18.11500       .00000
     234        96    6763      3.71590     18.12500       .00000
     233       108    6821      3.72827     18.13800       .00000
     232       121    6890      3.74064     18.12500       .00000
     231        92    6835      3.75301     18.12500       .00000
     230       105    6880      3.76538     18.12500       .00000
     229       115    6791      3.77775     18.12500       .00000
     228       128    6658      3.79012     18.14800       .00000
     227       115    6825      3.80249     18.13800       .00000
     226        90    6918      3.81486     18.11500       .00000
     225       104    6788      3.82723     18.13800       .00000
     224        79    6891      3.83960     18.13800       .00000
     223        96    6773      3.85197     18.12500       .00000
     222        92    6911      3.86434     18.13800       .00000
     221        88    6796      3.87671     18.12500       .00000
     220        86    6794      3.88908     18.12500       .00000
     219        75    6654      3.90145     18.11500       .00000
     218        62    6799      3.91382     18.12500       .00000
     217        76    6809      3.92618     18.12500       .00000
     216        74    6813      3.93855     18.12500       .00000
     215        89    6776      3.95092     18.12500       .00000
     214        91    6811      3.96329     18.11500       .00000
     213        85    6753      3.97566     18.10200       .00000
     212        84    6871      3.98803     18.11500       .00000
     211        79    6755      4.00040     18.11500       .00000
     210        87    6710      4.01277     18.14800       .00000
     209        73    6833      4.02514     18.14800       .00000
     208        90    6748      4.03751     18.14800       .00000
     207        81    6640      4.04988     18.13800       .00000
     206        76    6750      4.06225     18.12500       .00000
     205        86    6963      4.07462     18.10200       .00000
     204        81    6731      4.08699     18.08900       .00000
     203        86    6866      4.09936     18.08900       .00000
     202        77    6954      4.11173     18.10200       .00000
     201        91    6883      4.12410     18.08900       .00000
     200        84    6821      4.13647     18.07900       .00000
     199       100    6944      4.14884     18.11500       .00000
     198        80    6692      4.16121     18.11500       .00000
     197        74    7071      4.17358     18.08900       .00000
     196        76    6879      4.18595     18.11500       .00000
     195        86    6705      4.19832     18.11500       .00000
     194        86    6919      4.21069     18.12500       .00000
     193        70    6670      4.22305     18.12500       .00000
     192       115    6589      4.23542     18.13800       .00000
     191        83    6717      4.24779     18.14800       .00000
     190        72    6944      4.26016     18.13800       .00000
     189       100    6874      4.27253     18.13800       .00000
     188        69    6782      4.28490     18.12500       .00000
     187        64    6782      4.29727     18.13800       .00000
     186        90    6866      4.30964     18.13800       .00000
     185        68    6782      4.32201     18.13800       .00000
     184        80    6888      4.33438     18.14800       .00000
     183        79    6641      4.34675     18.17100       .00000
     182        82    6873      4.35912     18.17100       .00000
     181        70    6714      4.37148     18.18300       .00000
     180        90    6735      4.38385     18.19600       .00000
     179        93    6741      4.39622     18.19600       .00000
     178        81    6896      4.40859     18.19600       .00000
     177       102    6754      4.42096     18.19600       .00000
     176        98    6734      4.43333     18.20600       .00000
     175       102    6818      4.44570     18.19600       .00000
     174       104    6753      4.45807     18.20600       .00000
     173       128    6939      4.47043     18.20600       .00000
     172       167    6755      4.48280     18.19600       .00000
     171       216    6737      4.49517     18.19600       .00000
     170       288    6848      4.50754     18.17100       .00000
     169       306    6902      4.51991     18.17100       .00000
     168       343    6667      4.53228     18.17100       .00000
     167       407    6906      4.54465     18.17100       .00000
     166       331    6857      4.55701     18.16100       .00000
     165       263    6872      4.56938     18.14800       .00000
     164       218    6861      4.58175     18.16100       .00000
     163       171    6754      4.59412     18.13800       .00000
     162       127    6799      4.60649     18.14800       .00000
     161       131    6831      4.61885     18.13800       .00000
     160        83    6739      4.63122     18.14800       .00000
     159        96    6811      4.64359     18.13800       .00000
     158        98    7070      4.65596     18.12500       .00000
     157        96    6759      4.66832     18.13800       .00000
     156        84    7024      4.68069     18.12500       .00000
     155        72    6712      4.69306     18.13800       .00000
     154        73    6922      4.70543     18.14800       .00000
     153        84    6865      4.71779     18.14800       .00000
     152        85    6903      4.73016     18.14800       .00000
     151        88    6833      4.74253     18.13800       .00000
     150        89    6774      4.75490     18.13800       .00000
     149        79    6820      4.76726     18.13800       .00000
     148       100    6647      4.77963     18.13800       .00000
     147        81    6817      4.79200     18.12500       .00000
     146        81    7022      4.80436     18.12500       .00000
     145        72    6952      4.81673     18.13800       .00000
     144        81    6659      4.82910     18.14800       .00000
     143        90    6970      4.84146     18.13800       .00000
     142        79    6732      4.85383     18.14800       .00000
     141        77    6753      4.86620     18.13800       .00000
     140        87    6783      4.87856     18.14800       .00000
     139        83    6876      4.89093     18.13800       .00000
     138        95    6790      4.90329     18.13800       .00000
     137        70    7077      4.91566     18.12500       .00000
     136       100    6797      4.92803     18.12500       .00000
     135        91    6848      4.94039     18.11500       .00000
     134        69    6861      4.95276     18.12500       .00000
     133        70    6793      4.96512     18.13800       .00000
     132        82    6862      4.97749     18.13800       .00000
     131        82    6853      4.98985     18.12500       .00000
     130        58    6716      5.00222     18.12500       .00000
     129        91    6898      5.01459     18.12500       .00000
     128        68    6854      5.02695     18.13800       .00000
     127        82    6989      5.03932     18.12500       .00000
     126        75    6783      5.05168     18.13800       .00000
     125        74    6792      5.06405     18.11500       .00000
     124        89    6678      5.07641     18.12500       .00000
     123        75    6881      5.08877     18.12500       .00000
     122        70    6992      5.10114     18.12500       .00000
     121        80    6869      5.11350     18.13800       .00000
     120        76    6987      5.12587     18.13800       .00000
     119        76    6698      5.13823     18.12500       .00000
     118        98    6911      5.15060     18.13800       .00000
     117        87    6951      5.16296     18.14800       .00000
     116        87    6916      5.17532     18.13800       .00000
     115        80    6733      5.18769     18.13800       .00000
     114        93    6743      5.20005     18.13800       .00000
     113        79    6825      5.21241     18.11500       .00000
     112        74    6908      5.22478     18.12500       .00000
     111        63    6775      5.23714     18.10200       .00000
     110        65    6923      5.24950     18.10200       .00000
     302       103    6689      5.25488     18.10200       .00000
     301        82    6692      5.26724     18.10200       .00000
     300        78    6862      5.27961     18.12500       .00000
     299        91    6754      5.29197     18.12500       .00000
     298        85    6863      5.30434     18.12500       .00000
     297        86    6863      5.31671     18.11500       .00000
     296       104    6872      5.32907     18.12500       .00000
     295        92    6743      5.34144     18.13800       .00000
     294        82    6980      5.35380     18.11500       .00000
     293        82    6814      5.36617     18.10200       .00000
     292        87    6827      5.37854     18.10200       .00000
     291        92    6936      5.39090     18.10200       .00000
     290        91    6844      5.40327     18.12500       .00000
     289        98    6772      5.41564     18.12500       .00000
     288        72    6729      5.42800     18.11500       .00000
     287        93    6880      5.44037     18.11500       .00000
     286        86    6925      5.45274     18.12500       .00000
     285        91    6838      5.46510     18.13800       .00000
     284        85    6904      5.47747     18.13800       .00000
     283        99    7046      5.48984     18.14800       .00000
     282       114    6752      5.50221     18.17100       .00000
     281       112    6690      5.51457     18.17100       .00000
     280        99    6793      5.52694     18.17100       .00000
     279        81    6928      5.53931     18.16100       .00000
     278        86    6947      5.55168     18.18300       .00000
     277        92    6772      5.56404     18.17100       .00000
     276        79    6892      5.57641     18.17100       .00000
     275        90    6719      5.58878     18.16100       .00000
     274        95    6778      5.60115     18.14800       .00000
     273        75    6708      5.61351     18.13800       .00000
     272        87    6853      5.62588     18.13800       .00000
     271        83    6705      5.63825     18.13800       .00000
     270        91    6821      5.65062     18.14800       .00000
     269        81    6894      5.66299     18.16100       .00000
     268        98    6819      5.67535     18.17100       .00000
     267        75    6885      5.68772     18.18300       .00000
     266        79    6806      5.70009     18.18300       .00000
     265        86    6879      5.71246     18.16100       .00000
     264        90    6867      5.72483     18.18300       .00000
     263        76    6832      5.73720     18.16100       .00000
     262        97    6893      5.74957     18.14800       .00000
     261        88    6816      5.76193     18.16100       .00000
     260        88    6841      5.77430     18.16100       .00000
     259        95    6681      5.78667     18.18300       .00000
     258       103    6990      5.79904     18.16100       .00000
     257        98    6682      5.81141     18.14800       .00000
     256        94    6838      5.82378     18.13800       .00000
     255        83    6697      5.83615     18.14800       .00000
     254        86    6850      5.84852     18.13800       .00000
     253       100    6900      5.86088     18.12500       .00000
     252        91    6889      5.87325     18.12500       .00000
     251        88    6843      5.88562     18.12500       .00000
     250        81    6881      5.89799     18.12500       .00000
     249       107    6901      5.91036     18.13800       .00000
     248        96    6870      5.92273     18.12500       .00000
     247       106    6836      5.93510     18.12500       .00000
     246        92    6722      5.94747     18.12500       .00000
     245        81    6896      5.95984     18.13800       .00000
     244       120    6877      5.97221     18.13800       .00000
     243       110    6718      5.98458     18.12500       .00000
     242       131    6942      5.99695     18.12500       .00000
     241       147    6742      6.00931     18.12500       .00000
     240       169    6822      6.02168     18.12500       .00000
     239       183    6858      6.03405     18.12500       .00000
     238       194    6941      6.04642     18.11500       .00000
     237       193    6799      6.05879     18.11500       .00000
     236       213    6860      6.07116     18.12500       .00000
     235       181    6726      6.08353     18.12500       .00000
     234       165    6921      6.09590     18.11500       .00000
     233       149    6960      6.10827     18.12500       .00000
     232       141    6820      6.12064     18.13800       .00000
     231       115    6873      6.13301     18.16100       .00000
     230       102    6708      6.14538     18.16100       .00000
     229        95    6793      6.15775     18.14800       .00000
     228       103    6922      6.17012     18.14800       .00000
     227        69    6804      6.18249     18.12500       .00000
     226        95    6662      6.19486     18.11500       .00000
     225        81    6861      6.20723     18.10200       .00000
     224        90    6825      6.21960     18.10200       .00000
     223        86    6781      6.23197     18.08900       .00000
     222        72    6684      6.24434     18.12500       .00000
     221       106    6759      6.25671     18.10200       .00000
     220        83    6732      6.26908     18.11500       .00000
     219        71    6672      6.28145     18.10200       .00000
     218        88    7051      6.29382     18.10200       .00000
     217        80    6786      6.30618     18.10200       .00000
     216        65    6913      6.31855     18.08900       .00000
     215        75    6779      6.33092     18.08900       .00000
     214        85    6752      6.34329     18.08900       .00000
     213        86    6816      6.35566     18.08900       .00000
     212        81    6854      6.36803     18.10200       .00000
     211        75    6852      6.38040     18.10200       .00000
     210        78    6799      6.39277     18.10200       .00000
     209        69    6741      6.40514     18.11500       .00000
     208       101    6774      6.41751     18.10200       .00000
     207        83    6881      6.42988     18.07900       .00000
     206        86    6970      6.44225     18.10200       .00000
     205        73    6989      6.45462     18.08900       .00000
     204        70    7037      6.46699     18.08900       .00000
     203        72    6880      6.47936     18.10200       .00000
     202        83    6806      6.49173     18.12500       .00000
     201        83    6779      6.50410     18.12500       .00000
     200        81    6909      6.51647     18.12500       .00000
     199        78    6850      6.52884     18.13800       .00000
     198        64    6887      6.54121     18.13800       .00000
     197        74    6872      6.55358     18.12500       .00000
     196        68    6845      6.56595     18.12500       .00000
     195        72    6955      6.57832     18.14800       .00000
     194        65    6887      6.59069     18.16100       .00000
     193        72    6881      6.60306     18.14800       .00000
     192        80    6762      6.61542     18.14800       .00000
     191        74    6927      6.62779     18.13800       .00000
     190        88    6604      6.64016     18.14800       .00000
     189        74    6956      6.65253     18.13800       .00000
     188        79    6949      6.66490     18.14800       .00000
     187        76    6821      6.67727     18.13800       .00000
     186        79    6747      6.68964     18.12500       .00000
     185        80    6809      6.70201     18.11500       .00000
     184        78    6837      6.71438     18.11500       .00000
     183        85    6782      6.72675     18.10200       .00000
     182        79    6819      6.73912     18.12500       .00000
     181        83    6633      6.75148     18.10200       .00000
     180        68    6859      6.76385     18.11500       .00000
     179        53    6961      6.77622     18.11500       .00000
     178        90    6591      6.78859     18.13800       .00000
     177        70    6759      6.80096     18.12500       .00000
     176        64    6762      6.81333     18.12500       .00000
     175        81    6882      6.82570     18.11500       .00000
     174        71    6930      6.83807     18.11500       .00000
     173        81    6748      6.85043     18.13800       .00000
     172        71    6606      6.86280     18.13800       .00000
     171        72    6858      6.87517     18.12500       .00000
     170        74    6641      6.88754     18.13800       .00000
     169        66    6991      6.89991     18.12500       .00000
     168        61    6880      6.91228     18.12500       .00000
     167        61    6741      6.92464     18.13800       .00000
     166        76    6946      6.93701     18.12500       .00000
     165        81    6825      6.94938     18.11500       .00000
     164        58    6798      6.96175     18.11500       .00000
     163        66    6788      6.97412     18.10200       .00000
     162        91    6944      6.98649     18.12500       .00000
     161        76    6903      6.99885     18.12500       .00000
     160        76    6872      7.01122     18.13800       .00000
     159        69    6800      7.02359     18.14800       .00000
     158        76    6845      7.03596     18.16100       .00000
     157        74    6863      7.04832     18.17100       .00000
     156        78    6968      7.06069     18.17100       .00000
     155        60    6784      7.07306     18.18300       .00000
     154        82    6880      7.08543     18.19600       .00000
     153        83    6724      7.09779     18.19600       .00000
     152        62    6790      7.11016     18.17100       .00000
     151        83    6931      7.12253     18.17100       .00000
     150        74    6837      7.13490     18.16100       .00000
     149        69    6791      7.14726     18.16100       .00000
     148        65    6908      7.15963     18.18300       .00000
     147        66    6756      7.17200     18.20600       .00000
     146        69    6717      7.18436     18.19600       .00000
     145        70    6689      7.19673     18.21900       .00000
     144        81    6819      7.20910     18.19600       .00000
     143        75    6710      7.22146     18.18300       .00000
     142        70    6701      7.23383     18.17100       .00000
     141        77    6719      7.24620     18.16100       .00000
     140        69    6827      7.25856     18.14800       .00000
     139        60    6863      7.27093     18.14800       .00000
     138        79    6801      7.28329     18.13800       .00000
     137        75    6866      7.29566     18.13800       .00000
     136        59    6719      7.30803     18.12500       .00000
     135        62    6819      7.32039     18.10200       .00000
     134        73    6769      7.33276     18.10200       .00000
     133        75    6720      7.34512     18.07900       .00000
     132        74    6849      7.35749     18.08900       .00000
     131        67    6832      7.36985     18.08900       .00000
     130        76    6764      7.38222     18.11500       .00000
     129        71    6801      7.39459     18.12500       .00000
     128        64    6951      7.40695     18.10200       .00000
     127        84    6764      7.41932     18.11500       .00000
     126        78    6839      7.43168     18.10200       .00000
     125        71    6867      7.44405     18.11500       .00000
     124        89    6804      7.45641     18.12500       .00000
     123        73    6936      7.46877     18.11500       .00000
     122        64    6883      7.48114     18.10200       .00000
     121        75    6731      7.49350     18.10200       .00000
     120        85    6713      7.50587     18.11500       .00000
     119        63    6834      7.51823     18.12500       .00000
     118        80    6952      7.53060     18.13800       .00000
     117        71    6969      7.54296     18.14800       .00000
     116        66    6770      7.55532     18.16100       .00000
     115        77    6864      7.56769     18.14800       .00000
     114        93    6782      7.58005     18.14800       .00000
     113        89    6946      7.59241     18.12500       .00000
     112        81    6860      7.60478     18.11500       .00000
     111        68    6889      7.61714     18.12500       .00000
     110        85    6856      7.62950     18.11500       .00000
     109        73    6735      7.64187     18.11500       .00000
     108        63    6974      7.65423     18.12500       .00000
     107        70    6716      7.66659     18.11500       .00000
     106        74    6843      7.67896     18.12500       .00000
     105        62    6774      7.69132     18.12500       .00000
     104        54    6758      7.70368     18.13800       .00000
     103        65    6728      7.71604     18.11500       .00000
     102        69    6819      7.72840     18.10200       .00000
     101        70    6728      7.74077     18.11500       .00000
     100        69    6803      7.75313     18.08900       .00000
      99        52    6907      7.76549     18.10200       .00000
      98        51    6832      7.77785     18.11500       .00000
      97        61    6690      7.79021     18.11500       .00000
      96        79    6879      7.80257     18.14800       .00000
      95        56    6735      7.81494     18.14800       .00000
      94        41    6669      7.82730     18.14800       .00000
      93        72    6812      7.83966     18.13800       .00000
      92        73    6737      7.85202     18.13800       .00000
      91        41    6637      7.86438     18.13800       .00000
