0.00	19.120	-19.120
0.71	19.245	-18.995
1.42	19.370	-18.870
2.13	19.495	-18.745
2.83	19.620	-18.620
3.54	19.745	-18.496
4.25	19.870	-18.443
4.96	20.067	-18.318
5.67	20.192	-18.193
6.38	20.389	-18.068
7.08	20.514	-17.943
7.79	20.712	-17.891
8.50	20.837	-17.766
9.21	21.034	-17.641
9.92	21.159	-17.516
10.63	21.356	-17.391
11.34	21.481	-17.266
12.04	21.606	-17.141
12.75	21.803	-16.944
13.46	21.928	-16.819
14.17	22.053	-16.694
14.88	22.178	-16.569
15.59	22.303	-16.444
16.30	22.356	-16.247
17.00	22.481	-16.122
17.71	22.606	-15.997
18.42	22.658	-15.872
19.13	22.783	-15.747
19.84	22.835	-15.622
20.55	22.960	-15.497
21.25	23.013	-15.372
21.96	23.065	-15.247
22.67	23.190	-15.123
23.38	23.243	-15.070
24.09	23.368	-14.945
24.80	23.493	-14.820
25.51	23.545	-14.768
26.21	23.670	-14.643
26.92	23.795	-14.518
27.63	23.920	-14.465
28.34	24.117	-14.340
29.05	24.242	-14.215
29.76	24.440	-14.091
30.47	24.637	-13.966
31.17	24.907	-13.841
31.88	25.104	-13.716
32.59	25.374	-13.518
33.30	25.571	-13.321
34.01	25.841	-13.124
34.72	26.038	-12.926
35.42	26.236	-12.657
36.13	26.433	-12.459
36.84	26.630	-12.189
37.55	26.755	-11.920
38.26	26.808	-11.650
38.97	26.933	-11.380
39.68	26.985	-11.183
40.38	27.038	-10.913
41.09	27.018	-10.716
41.80	26.998	-10.591
42.51	26.978	-10.393
43.22	26.958	-10.268
43.93	26.866	-10.143
44.64	26.846	-10.091
45.34	26.753	-10.038
46.05	26.661	-9.986
46.76	26.496	-9.933
47.47	26.404	-9.953
48.18	26.239	-9.901
48.89	26.147	-9.921
49.59	25.910	-9.941
50.30	25.745	-10.033
51.01	25.580	-10.053
51.72	25.341	-10.147
52.43	25.141	-10.203
53.14	24.868	-10.259
53.85	24.667	-10.387
54.55	24.394	-10.515
55.26	24.121	-10.643
55.97	23.847	-10.772
56.68	23.502	-10.900
57.39	23.229	-11.101
58.10	22.883	-11.301
58.81	22.610	-11.502
59.51	22.264	-11.703
60.22	21.991	-11.976
60.93	21.646	-12.249
61.64	21.300	-12.522
62.35	21.027	-12.795
63.06	20.682	-13.141
63.76	20.336	-13.487
64.47	20.063	-13.832
65.18	19.717	-14.178
65.89	19.444	-14.523
66.60	19.099	-14.941
67.31	18.825	-15.287
68.02	18.480	-15.705
68.72	18.134	-16.050
69.43	17.789	-16.396
70.14	17.516	-16.814
70.85	17.170	-17.159
71.56	16.752	-17.505
72.27	16.407	-17.851
72.98	16.061	-18.124
73.68	15.715	-18.469
74.39	15.297	-18.815
75.10	14.952	-19.088
75.81	14.534	-19.433
76.52	14.188	-19.707
77.23	13.843	-20.052
77.93	13.425	-20.398
78.64	13.152	-20.671
79.35	12.806	-21.016
80.06	12.533	-21.290
80.77	12.187	-21.635
81.48	11.987	-21.981
82.19	11.714	-22.254
82.89	11.513	-22.599
83.60	11.312	-22.945
84.31	11.111	-23.218
85.02	10.911	-23.491
85.73	10.782	-23.837
86.44	10.654	-24.110
87.15	10.526	-24.383
87.85	10.398	-24.656
88.56	10.269	-24.929
89.27	10.213	-25.130
89.98	10.085	-25.331
90.69	10.053	-25.580
91.40	10.033	-25.745
92.10	9.941	-25.910
92.81	9.921	-26.147
93.52	9.901	-26.239
94.23	9.953	-26.404
94.94	9.933	-26.496
95.65	9.986	-26.661
96.36	10.038	-26.753
97.06	10.091	-26.846
97.77	10.143	-26.866
98.48	10.268	-26.958
99.19	10.393	-26.978
99.90	10.591	-26.998
100.61	10.716	-27.018
101.32	10.913	-27.038
102.02	11.183	-26.985
102.73	11.380	-26.933
103.44	11.650	-26.808
104.15	11.920	-26.755
104.86	12.189	-26.630
105.57	12.459	-26.433
106.27	12.657	-26.236
106.98	12.926	-26.038
107.69	13.124	-25.841
108.40	13.321	-25.571
109.11	13.518	-25.374
109.82	13.716	-25.104
110.53	13.841	-24.907
111.23	13.966	-24.637
111.94	14.091	-24.440
112.65	14.215	-24.242
113.36	14.340	-24.117
114.07	14.465	-23.920
114.78	14.518	-23.795
115.49	14.643	-23.670
116.19	14.768	-23.545
116.90	14.820	-23.493
117.61	14.945	-23.368
118.32	15.070	-23.243
119.03	15.123	-23.190
119.74	15.247	-23.065
120.44	15.372	-23.013
121.15	15.497	-22.960
121.86	15.622	-22.835
122.57	15.747	-22.783
123.28	15.872	-22.658
123.99	15.997	-22.606
124.70	16.122	-22.481
125.40	16.247	-22.356
126.11	16.444	-22.303
126.82	16.569	-22.178
127.53	16.694	-22.053
128.24	16.819	-21.928
128.95	16.944	-21.803
129.66	17.141	-21.606
130.36	17.266	-21.481
131.07	17.391	-21.356
131.78	17.516	-21.159
132.49	17.641	-21.034
133.20	17.766	-20.837
133.91	17.891	-20.712
134.61	17.943	-20.514
135.32	18.068	-20.389
136.03	18.193	-20.192
136.74	18.318	-20.067
137.45	18.443	-19.870
138.16	18.496	-19.745
138.87	18.620	-19.620
139.57	18.745	-19.495
140.28	18.870	-19.370
140.99	18.995	-19.245
141.70	19.120	-19.120
142.41	19.245	-18.995
143.12	19.370	-18.870
143.83	19.495	-18.745
144.53	19.620	-18.620
145.24	19.745	-18.496
145.95	19.870	-18.443
146.66	20.067	-18.318
147.37	20.192	-18.193
148.08	20.389	-18.068
148.78	20.514	-17.943
149.49	20.712	-17.891
150.20	20.837	-17.766
150.91	21.034	-17.641
151.62	21.159	-17.516
152.33	21.356	-17.391
153.04	21.481	-17.266
153.74	21.606	-17.141
154.45	21.803	-16.944
155.16	21.928	-16.819
155.87	22.053	-16.694
156.58	22.178	-16.569
157.29	22.303	-16.444
158.00	22.356	-16.247
158.70	22.481	-16.122
159.41	22.606	-15.997
160.12	22.658	-15.872
160.83	22.783	-15.747
161.54	22.835	-15.622
162.25	22.960	-15.497
162.95	23.013	-15.372
163.66	23.065	-15.247
164.37	23.190	-15.123
165.08	23.243	-15.070
165.79	23.368	-14.945
166.50	23.493	-14.820
167.21	23.545	-14.768
167.91	23.670	-14.643
168.62	23.795	-14.518
169.33	23.920	-14.465
170.04	24.117	-14.340
170.75	24.242	-14.215
171.46	24.440	-14.091
172.17	24.637	-13.966
172.87	24.907	-13.841
173.58	25.104	-13.716
174.29	25.374	-13.518
175.00	25.571	-13.321
175.71	25.841	-13.124
176.42	26.038	-12.926
177.12	26.236	-12.657
177.83	26.433	-12.459
178.54	26.630	-12.189
179.25	26.755	-11.920
179.96	26.808	-11.650
180.67	26.933	-11.380
181.38	26.985	-11.183
182.08	27.038	-10.913
182.79	27.018	-10.716
183.50	26.998	-10.591
184.21	26.978	-10.393
184.92	26.958	-10.268
185.63	26.866	-10.143
186.34	26.846	-10.091
187.04	26.753	-10.038
187.75	26.661	-9.986
188.46	26.496	-9.933
189.17	26.404	-9.953
189.88	26.239	-9.901
190.59	26.147	-9.921
191.29	25.910	-9.941
192.00	25.745	-10.033
192.71	25.580	-10.053
193.42	25.341	-10.147
194.13	25.141	-10.203
194.84	24.868	-10.259
195.55	24.667	-10.387
196.25	24.394	-10.515
196.96	24.121	-10.643
197.67	23.847	-10.772
198.38	23.502	-10.900
199.09	23.229	-11.101
199.80	22.883	-11.301
200.51	22.610	-11.502
201.21	22.264	-11.703
201.92	21.991	-11.976
202.63	21.646	-12.249
203.34	21.300	-12.522
204.05	21.027	-12.795
204.76	20.682	-13.141
205.46	20.336	-13.487
206.17	20.063	-13.832
206.88	19.717	-14.178
207.59	19.444	-14.523
208.30	19.099	-14.941
209.01	18.825	-15.287
209.72	18.480	-15.705
210.42	18.134	-16.050
211.13	17.789	-16.396
211.84	17.516	-16.814
212.55	17.170	-17.159
213.26	16.752	-17.505
213.97	16.407	-17.851
214.68	16.061	-18.124
215.38	15.715	-18.469
216.09	15.297	-18.815
216.80	14.952	-19.088
217.51	14.534	-19.433
218.22	14.188	-19.707
218.93	13.843	-20.052
219.63	13.425	-20.398
220.34	13.152	-20.671
221.05	12.806	-21.016
221.76	12.533	-21.290
222.47	12.187	-21.635
223.18	11.987	-21.981
223.89	11.714	-22.254
224.59	11.513	-22.599
225.30	11.312	-22.945
226.01	11.111	-23.218
226.72	10.911	-23.491
227.43	10.782	-23.837
228.14	10.654	-24.110
228.85	10.526	-24.383
229.55	10.398	-24.656
230.26	10.269	-24.929
230.97	10.213	-25.130
231.68	10.085	-25.331
