1,74.674
1.002,74.084
1.004,73.16
1.006,74.488
1.008,76.72
1.01,76.76
1.012,76.049
1.014,73.312
1.016,74.644
1.018,76.424
1.02,75.732
1.022,78.2
1.024,82.419
1.026,81.159
1.028,79.565
1.03,79.86
1.032,78.386
1.034,78.751
1.036,80.356
1.038,79.203
1.04,77.756
1.042,76.614
1.044,75.039
1.046,75.86
1.048,77.632
1.05,80.462
1.052,82.965
1.054,80.977
1.056,77.153
1.058,77.77
1.06,82.233
1.062,85.037
1.064,83.132
1.066,79.23
1.068,80.173
1.07,82.271
1.072,81.69
1.074,83.591
1.076,83.174
1.078,81.139
1.08,85.553
1.082,86.882
1.084,81.786
1.086,76.708
1.088,78.405
1.09,80.783
1.092,80.621
1.094,79.676
1.096,80.612
1.098,83.609
1.1,87.877
1.102,90.078
1.104,90.375
1.106,87.931
1.108,88.216
1.11,87.614
1.112,85.983
1.114,83.503
1.116,82.424
1.118,85.26
1.12,87.079
1.122,84.634
1.124,83.978
1.126,86.539
1.128,87.628
1.13,88.867
1.132,91.373
1.134,94.72
1.136,93.88
1.138,93.779
1.14,92.797
1.142,91.479
1.144,89.715
1.146,88.396
1.148,90.019
1.15,91.567
1.152,91.735
1.154,91.28
1.156,89.162
1.158,90.042
1.16,89.584
1.162,91.339
1.164,93.652
1.166,95.367
1.168,97.201
1.17,96.382
1.172,94.86
1.174,94.876
1.176,94.436
1.178,93.492
1.18,95.694
1.182,98.229
1.184,96.542
1.186,95.464
1.188,97.611
1.19,99.745
1.192,99.158
1.194,98.654
1.196,102.08
1.198,103.74
1.2,101.89
1.202,103.47
1.204,106.12
1.206,103.45
1.208,102.17
1.21,101.44
1.212,102.64
1.214,106.24
1.216,107.36
1.218,107.77
1.22,105.79
1.222,107.32
1.224,110.41
1.226,109.17
1.228,104.29
1.23,104.73
1.232,108.53
1.234,111.93
1.236,115.97
1.238,116.04
1.24,116.36
1.242,115.59
1.244,113.1
1.246,111.81
1.248,111.76
1.25,114.43
1.252,117.26
1.254,117.37
1.256,115.24
1.258,110.94
1.26,111.66
1.262,114.44
1.264,117.15
1.266,121.7
1.268,123.61
1.27,121.46
1.272,120.01
1.274,121.98
1.276,122.8
1.278,124.31
1.28,125.39
1.282,128.67
1.284,129.54
1.286,127.72
1.288,124.16
1.29,124.66
1.292,125.92
1.294,125.76
1.296,126.58
1.298,126.39
1.3,126.51
1.302,130.78
1.304,133.86
1.306,131.86
1.308,133.2
1.31,133.9
1.312,133.55
1.314,132.24
1.316,135.99
1.318,136.72
1.32,135.94
1.322,139.5
1.324,140.15
1.326,140.45
1.328,142.28
1.33,146.23
1.332,146.38
1.334,143.09
1.336,142.92
1.338,146.23
1.34,150.46
1.342,151.58
1.344,152.39
1.346,154.72
1.348,153.15
1.35,151.48
1.352,153.95
1.354,156.69
1.356,158.87
1.358,158.37
1.36,154.4
1.362,157.27
1.364,164.08
1.366,168.05
1.368,167.62
1.37,165.72
1.372,166.51
1.374,166.23
1.376,169.88
1.378,172.55
1.38,171.73
1.382,172.5
1.384,175.23
1.386,176
1.388,178.94
1.39,183.74
1.392,181.68
1.394,180.7
1.396,183.42
1.398,186.87
1.4,186.71
1.402,187.96
1.404,190.24
1.406,194.7
1.408,197.31
1.41,197.96
1.412,201.04
1.414,204.75
1.416,207.87
1.418,208.29
1.42,209.3
1.422,212.67
1.424,215.52
1.426,219.84
1.428,219.7
1.43,217.82
1.432,224.93
1.434,227.72
1.436,226.64
1.438,229.64
1.44,236.76
1.442,244.01
1.444,248.34
1.446,254.12
1.448,259.71
1.45,265.91
1.452,274.36
1.454,278.76
1.456,284.58
1.458,290.9
1.46,296.92
1.462,303.96
1.464,307.69
1.466,316.77
1.468,328.02
1.47,336.05
1.472,349.25
1.474,360.6
1.476,373.14
1.478,378.92
1.48,386.82
1.482,395.59
1.484,408.16
1.486,418.75
1.488,422.66
1.49,430.01
1.492,439.61
1.494,443.44
1.496,443.63
1.498,448.17
1.5,453.71
1.502,453.7
1.504,450.44
1.506,447.24
1.508,444.23
1.51,437.18
1.512,427.58
1.514,421.53
1.516,419.53
1.518,413.28
1.52,408.13
1.522,407.81
1.524,402.91
1.526,397.77
1.528,394.64
1.53,391.88
1.532,389.52
1.534,388.26
1.536,382.94
1.538,378.54
1.54,370.96
1.542,364.45
1.544,362.77
1.546,359.31
1.548,349.92
1.55,342.09
1.552,337.52
1.554,328.95
1.556,318.73
1.558,312.52
1.56,306.7
1.562,301.67
1.564,291.95
1.566,281.45
1.568,276.53
1.57,268.48
1.572,258.88
1.574,254.01
1.576,247.66
1.578,238.48
1.58,233.09
1.582,227.69
1.584,221.86
1.586,220.83
1.588,215.98
1.59,209.56
1.592,207.53
1.594,205.83
1.596,200.53
1.598,195.78
1.6,191.19
1.602,186.7
1.604,186.31
1.606,184.8
1.608,181.42
1.61,180.78
1.612,177.93
1.614,176.22
1.616,174.57
1.618,172.4
1.62,168.91
1.622,166.77
1.624,163.83
1.626,158.78
1.628,158.84
1.63,160.35
1.632,159.86
1.634,159.11
1.636,156.75
1.638,157.38
1.64,156.46
1.642,152.13
1.644,147.7
1.646,149.44
1.648,152.04
1.65,150.88
1.652,149.36
1.654,146.7
1.656,143.76
1.658,140.57
1.66,140.85
1.662,141.45
1.664,138.47
1.666,136.51
1.668,138.17
1.67,138.51
1.672,138.11
1.674,136.99
1.676,138.16
1.678,136.81
1.68,131.57
1.682,127.67
1.684,129.72
1.686,133.24
1.688,134.25
1.69,130.71
1.692,129.3
1.694,128.63
1.696,125.89
1.698,127.24
1.7,129.67
1.702,128.67
1.704,125.95
1.706,123.16
1.708,121.2
1.71,122.24
1.712,123.3
1.714,121.58
1.716,119.16
1.718,118.07
1.72,118.24
1.722,118
1.724,117.69
1.726,116
1.728,115.84
1.73,117.32
1.732,117.33
1.734,116.67
1.736,118.52
1.738,117.9
1.74,114.91
1.742,113.46
1.744,111.82
1.746,112.34
1.748,114.05
1.75,112.85
1.752,112.39
1.754,109.95
1.756,108.55
1.758,112.46
1.76,113.79
1.762,113.41
1.764,111.82
1.766,110.4
1.768,108.11
1.77,106.86
1.772,107.4
1.774,108.1
1.776,107.92
1.778,103.57
1.78,104.5
1.782,105.87
1.784,104.72
1.786,105.19
1.788,104.32
1.79,102.55
1.792,103.76
1.794,103.82
1.796,101.84
1.798,100.91
1.8,101.16
1.802,99.704
1.804,100.49
1.806,103.59
1.808,104.19
1.81,101.81
1.812,100.46
1.814,101.46
1.816,99.79
1.818,98.099
1.82,96.742
1.822,97.61
1.824,97.189
1.826,95.075
1.828,95.182
1.83,93.676
1.832,92.877
1.834,95.395
1.836,100.93
1.838,99.136
1.84,98.698
1.842,97.039
1.844,96.284
1.846,96.524
1.848,96.052
1.85,94.648
1.852,94.686
1.854,95.634
1.856,94.585
1.858,94.732
1.86,97.03
1.862,97.793
1.864,97.485
1.866,98.161
1.868,96.856
1.87,97.342
1.872,95.206
1.874,89.342
1.876,87.283
1.878,87.645
1.88,91.815
1.882,94.439
1.884,92.933
1.886,90.62
1.888,89.901
1.89,91.184
1.892,90.738
1.894,89.688
1.896,89.34
1.898,89.517
1.9,90.366
1.902,89.077
1.904,87.496
1.906,89.036
1.908,89.086
1.91,88.595
1.912,90.067
1.914,91.882
1.916,92.712
1.918,90.188
1.92,89.002
1.922,86.782
1.924,86.042
1.926,88.552
1.928,89.166
1.93,86.362
1.932,86.329
1.934,88.46
1.936,89.525
1.938,88.064
1.94,88.211
1.942,90.11
1.944,89.777
1.946,87.754
1.948,86.512
1.95,86.891
1.952,84.086
1.954,84.58
1.956,84.181
1.958,86.867
1.96,86.19
1.962,84.107
1.964,84.111
1.966,86.087
1.968,86.231
1.97,85.287
1.972,87.437
1.974,86.364
1.976,83.171
1.978,84.752
1.98,84.666
1.982,82.789
1.984,82.693
1.986,81.64
1.988,80.178
1.99,81.264
1.992,81.274
1.994,81.886
1.996,79.883
1.998,79.76
2,79.658
