Katsaras_95_lat L-DMPC 98%RH 25C
56.5 144 99
40.0 120.0 0.0 0.0
6 -4 57.71
6 -3 21.14
6 -2 10.96
6 -1 5.46
6 0 2.172
6 1 0.481
6 3 0.291
6 4 0.875
5 -4 544.8
5 -3 5.979
5 -2 8.099
5 -1 7.777
5 0 6.245
5 1 4.184
5 2 2.194
5 3 0.738
5 4 12.55
4 -4 79.69
4 -3 488.8
4 -2 3.141
4 -1 0.375
4 0 2.517
4 1 4.080
4 2 4.468
4 3 3.803
4 4 2.515
3 -4 20.13
3 -3 196.6
3 -2 361.8
3 -1 21.45
3 0 2.537
3 2 1.015
3 3 2.793
3 4 4.147
2 -4 0.641
2 -3 10.97
2 -2 338.
2 -1 214.6
2 0 36.94 
2 1 12.21
2 2 3.403
2 3 0.238
2 4 0.525
1 -4 0.681
1 -3 0.343
1 -2 0.655
1 -1 455.7
1 0 100.0
1 1 48.54
1 2 38.26
1 3 33.40
1 4 29.43
0 -4 0.829
0 -3 1.236
0 -2 1.611
0 -1 1.877
0 1 1.877
0 2 1.611
0 3 1.236
0 4 0.829
