-69.37	20.683
-69.03	20.601
-68.68	20.496
-68.33	20.370
-67.98	20.221
-67.63	20.051
-67.28	19.860
-66.93	19.648
-66.58	19.414
-66.24	19.161
-65.89	18.887
-65.54	18.594
-65.19	18.281
-64.84	17.949
-64.49	17.599
-64.14	17.230
-63.80	16.844
-63.45	16.441
-63.10	16.021
-62.75	15.585
-62.40	15.133
-62.05	14.667
-61.70	14.185
-61.36	13.690
-61.01	13.182
-60.66	12.661
-60.31	12.128
-59.96	11.584
-59.61	11.029
-59.26	10.464
-58.92	9.889
-58.57	9.307
-58.22	8.717
-57.87	8.119
-57.52	7.516
-57.17	6.907
-56.82	6.294
-56.48	5.677
-56.13	5.057
-55.78	4.435
-55.43	3.812
-55.08	3.189
-54.73	2.566
-54.38	1.944
-54.03	1.325
-53.69	0.710
-53.34	0.098
-52.99	-0.508
-52.64	-1.109
-52.29	-1.703
-51.94	-2.289
-51.59	-2.867
-51.25	-3.435
-50.90	-3.993
-50.55	-4.539
-50.20	-5.074
-49.85	-5.596
-49.50	-6.105
-49.15	-6.599
-48.81	-7.078
-48.46	-7.542
-48.11	-7.988
-47.76	-8.418
-47.41	-8.830
-47.06	-9.224
-46.71	-9.599
-46.37	-9.954
-46.02	-10.290
-45.67	-10.605
-45.32	-10.899
-44.97	-11.172
-44.62	-11.424
-44.27	-11.654
-43.93	-11.862
-43.58	-12.048
-43.23	-12.212
-42.88	-12.354
-42.53	-12.473
-42.18	-12.569
-41.83	-12.644
-41.48	-12.696
-41.14	-12.727
-40.79	-12.735
-40.44	-12.723
-40.09	-12.689
-39.74	-12.634
-39.39	-12.559
-39.04	-12.464
-38.70	-12.349
-38.35	-12.216
-38.00	-12.064
-37.65	-11.895
-37.30	-11.708
-36.95	-11.506
-36.60	-11.287
-36.26	-11.054
-35.91	-10.807
-35.56	-10.547
-35.21	-10.274
-34.86	-9.990
-34.51	-9.696
-34.16	-9.391
-33.82	-9.078
-33.47	-8.757
-33.12	-8.429
-32.77	-8.095
-32.42	-7.756
-32.07	-7.413
-31.72	-7.066
-31.38	-6.718
-31.03	-6.368
-30.68	-6.017
-30.33	-5.668
-29.98	-5.319
-29.63	-4.973
-29.28	-4.629
-28.93	-4.290
-28.59	-3.955
-28.24	-3.626
-27.89	-3.302
-27.54	-2.986
-27.19	-2.677
-26.84	-2.376
-26.49	-2.084
-26.15	-1.801
-25.80	-1.528
-25.45	-1.265
-25.10	-1.013
-24.75	-0.772
-24.40	-0.543
-24.05	-0.325
-23.71	-0.119
-23.36	0.075
-23.01	0.256
-22.66	0.424
-22.31	0.580
-21.96	0.723
-21.61	0.853
-21.27	0.970
-20.92	1.075
-20.57	1.167
-20.22	1.247
-19.87	1.314
-19.52	1.369
-19.17	1.412
-18.83	1.443
-18.48	1.463
-18.13	1.472
-17.78	1.470
-17.43	1.458
-17.08	1.435
-16.73	1.403
-16.38	1.362
-16.04	1.312
-15.69	1.253
-15.34	1.187
-14.99	1.113
-14.64	1.032
-14.29	0.945
-13.94	0.851
-13.60	0.753
-13.25	0.649
-12.90	0.541
-12.55	0.428
-12.20	0.313
-11.85	0.194
-11.50	0.073
-11.16	-0.050
-10.81	-0.175
-10.46	-0.301
-10.11	-0.427
-9.76	-0.554
-9.41	-0.680
-9.06	-0.805
-8.72	-0.930
-8.37	-1.052
-8.02	-1.173
-7.67	-1.292
-7.32	-1.407
-6.97	-1.520
-6.62	-1.630
-6.28	-1.735
-5.93	-1.837
-5.58	-1.935
-5.23	-2.028
-4.88	-2.116
-4.53	-2.199
-4.18	-2.276
-3.83	-2.349
-3.49	-2.415
-3.14	-2.476
-2.79	-2.531
-2.44	-2.580
-2.09	-2.622
-1.74	-2.658
-1.39	-2.688
-1.05	-2.711
-0.70	-2.728
-0.35	-2.738
0.00	-2.741
0.35	-2.738
0.70	-2.728
1.05	-2.711
1.39	-2.688
1.74	-2.658
2.09	-2.622
2.44	-2.580
2.79	-2.531
3.14	-2.476
3.49	-2.415
3.83	-2.349
4.18	-2.276
4.53	-2.199
4.88	-2.116
5.23	-2.028
5.58	-1.935
5.93	-1.837
6.28	-1.735
6.62	-1.630
6.97	-1.520
7.32	-1.407
7.67	-1.292
8.02	-1.173
8.37	-1.052
8.72	-0.930
9.06	-0.805
9.41	-0.680
9.76	-0.554
10.11	-0.427
10.46	-0.301
10.81	-0.175
11.16	-0.050
11.50	0.073
11.85	0.194
12.20	0.313
12.55	0.428
12.90	0.541
13.25	0.649
13.60	0.753
13.94	0.851
14.29	0.945
14.64	1.032
14.99	1.113
15.34	1.187
15.69	1.253
16.04	1.312
16.38	1.362
16.73	1.403
17.08	1.435
17.43	1.458
17.78	1.470
18.13	1.472
18.48	1.463
18.83	1.443
19.17	1.412
19.52	1.369
19.87	1.314
20.22	1.247
20.57	1.167
20.92	1.075
21.27	0.970
21.61	0.853
21.96	0.723
22.31	0.580
22.66	0.424
23.01	0.256
23.36	0.075
23.71	-0.119
24.05	-0.325
24.40	-0.543
24.75	-0.772
25.10	-1.013
25.45	-1.265
25.80	-1.528
26.15	-1.801
26.49	-2.084
26.84	-2.376
27.19	-2.677
27.54	-2.986
27.89	-3.302
28.24	-3.626
28.59	-3.955
28.93	-4.290
29.28	-4.629
29.63	-4.973
29.98	-5.319
30.33	-5.668
30.68	-6.017
31.03	-6.368
31.38	-6.718
31.72	-7.066
32.07	-7.413
32.42	-7.756
32.77	-8.095
33.12	-8.429
33.47	-8.757
33.82	-9.078
34.16	-9.391
34.51	-9.696
34.86	-9.990
35.21	-10.274
35.56	-10.547
35.91	-10.807
36.26	-11.054
36.60	-11.287
36.95	-11.506
37.30	-11.708
37.65	-11.895
38.00	-12.064
38.35	-12.216
38.70	-12.349
39.04	-12.464
39.39	-12.559
39.74	-12.634
40.09	-12.689
40.44	-12.723
40.79	-12.735
41.14	-12.727
41.48	-12.696
41.83	-12.644
42.18	-12.569
42.53	-12.473
42.88	-12.354
43.23	-12.212
43.58	-12.048
43.93	-11.862
44.27	-11.654
44.62	-11.424
44.97	-11.172
45.32	-10.899
45.67	-10.605
46.02	-10.290
46.37	-9.954
46.71	-9.599
47.06	-9.224
47.41	-8.830
47.76	-8.418
48.11	-7.988
48.46	-7.542
48.81	-7.078
49.15	-6.599
49.50	-6.105
49.85	-5.596
50.20	-5.074
50.55	-4.539
50.90	-3.993
51.25	-3.435
51.59	-2.867
51.94	-2.289
52.29	-1.703
52.64	-1.109
52.99	-0.508
53.34	0.098
53.69	0.710
54.03	1.325
54.38	1.944
54.73	2.566
55.08	3.189
55.43	3.812
55.78	4.435
56.13	5.057
56.48	5.677
56.82	6.294
57.17	6.907
57.52	7.516
57.87	8.119
58.22	8.717
58.57	9.307
58.92	9.889
59.26	10.464
59.61	11.029
59.96	11.584
60.31	12.128
60.66	12.661
61.01	13.182
61.36	13.690
61.70	14.185
62.05	14.667
62.40	15.133
62.75	15.585
63.10	16.021
63.45	16.441
63.80	16.844
64.14	17.230
64.49	17.599
64.84	17.949
65.19	18.281
65.54	18.594
65.89	18.887
66.24	19.161
66.58	19.414
66.93	19.648
67.28	19.860
67.63	20.051
67.98	20.221
68.33	20.370
68.68	20.496
69.03	20.601
69.37	20.683
