  1.0000000e+000  2.4199999e-002
  2.0000000e+000  2.4199999e-002
  3.0000000e+000  2.4199999e-002
  4.0000000e+000  3.3997720e+002
  5.0000000e+000  3.2079889e+002
  6.0000000e+000  3.0206685e+002
  7.0000000e+000  3.0227095e+002
  8.0000000e+000  2.8962858e+002
  9.0000000e+000  2.3497325e+002
  1.0000000e+001  2.0577356e+002
  1.1000000e+001  1.6413588e+002
  1.2000000e+001  1.5793190e+002
  1.3000000e+001  1.7897913e+002
  1.4000000e+001  1.5828411e+002
  1.5000000e+001  1.7321322e+002
  1.6000000e+001  1.6988975e+002
  1.7000000e+001  1.4292609e+002
  1.8000000e+001  1.4081623e+002
  1.9000000e+001  1.3615046e+002
  2.0000000e+001  1.4055751e+002
  2.1000000e+001  1.5697213e+002
  2.2000000e+001  1.4259257e+002
  2.3000000e+001  1.2472849e+002
  2.4000000e+001  1.1288373e+002
  2.5000000e+001  1.1043872e+002
  2.6000000e+001  1.1916110e+002
  2.7000000e+001  1.2610667e+002
  2.8000000e+001  1.1398569e+002
  2.9000000e+001  1.1065601e+002
  3.0000000e+001  1.0270764e+002
  3.1000000e+001  9.9719648e+001
  3.2000000e+001  1.1898491e+002
  3.3000000e+001  1.1873220e+002
  3.4000000e+001  9.9592062e+001
  3.5000000e+001  1.0921005e+002
  3.6000000e+001  1.3655143e+002
  3.7000000e+001  1.4772694e+002
  3.8000000e+001  1.4798331e+002
  3.9000000e+001  1.3886538e+002
  4.0000000e+001  1.1841071e+002
  4.1000000e+001  1.0307267e+002
  4.2000000e+001  1.2009866e+002
  4.3000000e+001  1.1837590e+002
  4.4000000e+001  1.2175392e+002
  4.5000000e+001  1.4838590e+002
  4.6000000e+001  1.4555364e+002
  4.7000000e+001  1.1838842e+002
  4.8000000e+001  1.2713467e+002
  4.9000000e+001  1.4219740e+002
  5.0000000e+001  1.2541409e+002
  5.1000000e+001  1.1760295e+002
  5.2000000e+001  1.3592328e+002
  5.3000000e+001  1.5088978e+002
  5.4000000e+001  1.6383645e+002
  5.5000000e+001  1.7483847e+002
  5.6000000e+001  1.8295096e+002
  5.7000000e+001  1.7170649e+002
  5.8000000e+001  1.4887675e+002
  5.9000000e+001  1.3416343e+002
  6.0000000e+001  1.3973918e+002
  6.1000000e+001  1.8229754e+002
  6.2000000e+001  1.6860463e+002
  6.3000000e+001  1.3947645e+002
  6.4000000e+001  1.3743708e+002
  6.5000000e+001  1.4952170e+002
  6.6000000e+001  1.3165008e+002
  6.7000000e+001  1.3496109e+002
  6.8000000e+001  1.3128959e+002
  6.9000000e+001  1.5402981e+002
  7.0000000e+001  1.6311891e+002
  7.1000000e+001  1.3692275e+002
  7.2000000e+001  1.2151744e+002
  7.3000000e+001  1.2742177e+002
  7.4000000e+001  1.5116092e+002
  7.5000000e+001  1.3740790e+002
  7.6000000e+001  1.2647090e+002
  7.7000000e+001  1.4260258e+002
  7.8000000e+001  1.6348959e+002
  7.9000000e+001  1.5033955e+002
  8.0000000e+001  1.3288110e+002
  8.1000000e+001  1.5223276e+002
  8.2000000e+001  1.7100768e+002
  8.3000000e+001  1.7752536e+002
  8.4000000e+001  1.6180666e+002
  8.5000000e+001  1.4800104e+002
  8.6000000e+001  1.1988458e+002
  8.7000000e+001  1.5248535e+002
  8.8000000e+001  1.6681592e+002
  8.9000000e+001  1.1647624e+002
  9.0000000e+001  9.7214914e+001
  9.1000000e+001  1.1494508e+002
  9.2000000e+001  1.2155299e+002
  9.3000000e+001  1.0682657e+002
  9.4000000e+001  1.2917405e+002
  9.5000000e+001  1.2209601e+002
  9.6000000e+001  1.1759869e+002
  9.7000000e+001  1.1910600e+002
  9.8000000e+001  1.2096893e+002
  9.9000000e+001  1.2187388e+002
  1.0000000e+002  1.2461642e+002
  1.0100000e+002  1.1056005e+002
  1.0200000e+002  8.5520167e+001
  1.0300000e+002  1.0482395e+002
  1.0400000e+002  1.5098155e+002
  1.0500000e+002  1.2016275e+002
  1.0600000e+002  1.2227205e+002
  1.0700000e+002  1.2899630e+002
  1.0800000e+002  1.2642702e+002
  1.0900000e+002  1.4030952e+002
  1.1000000e+002  1.0809434e+002
  1.1100000e+002  1.1485040e+002
  1.1200000e+002  9.5468581e+001
  1.1300000e+002  7.3505605e+001
  1.1400000e+002  1.0901633e+002
  1.1500000e+002  9.8308343e+001
  1.1600000e+002  9.9633814e+001
  1.1700000e+002  1.1790577e+002
  1.1800000e+002  7.6274581e+001
  1.1900000e+002  8.2863200e+001
  1.2000000e+002  6.7822171e+001
  1.2100000e+002  1.0573553e+002
  1.2200000e+002  1.0469962e+002
  1.2300000e+002  9.0697829e+001
  1.2400000e+002  7.6054952e+001
  1.2500000e+002  6.8795257e+001
  1.2600000e+002  6.8623214e+001
  1.2700000e+002  8.7307567e+001
  1.2800000e+002  9.8067733e+001
  1.2900000e+002  9.8820967e+001
  1.3000000e+002  8.3351138e+001
  1.3100000e+002  6.8556119e+001
  1.3200000e+002  8.4031876e+001
  1.3300000e+002  7.9268486e+001
  1.3400000e+002  9.7268595e+001
  1.3500000e+002  8.2754733e+001
  1.3600000e+002  8.7559581e+001
  1.3700000e+002  8.4044252e+001
  1.3800000e+002  7.0897600e+001
  1.3900000e+002  2.8205671e+001
  1.4000000e+002  1.2687948e+001
  1.4100000e+002 -5.7837571e+000
  1.4200000e+002 -7.5059281e+001
  1.4300000e+002 -1.3351936e+002
  1.4400000e+002 -1.6132985e+002
  1.4500000e+002 -1.6200179e+002
  1.4600000e+002 -2.0473849e+002
  1.4700000e+002 -1.8097438e+002
  1.4800000e+002 -1.9050626e+002
  1.4900000e+002 -1.7610794e+002
  1.5000000e+002 -1.4903560e+002
  1.5100000e+002 -1.2217690e+002
  1.5200000e+002 -1.0005164e+002
  1.5300000e+002 -1.0299439e+002
  1.5400000e+002 -1.0560643e+002
  1.5500000e+002 -9.8214519e+001
  1.5600000e+002 -9.6970362e+001
  1.5700000e+002 -1.0518440e+002
  1.5800000e+002 -7.0323981e+001
  1.5900000e+002 -7.0655181e+001
  1.6000000e+002 -7.0874890e+001
  1.6100000e+002 -6.2753186e+001
  1.6200000e+002 -7.4988490e+001
  1.6300000e+002 -8.4654076e+001
  1.6400000e+002 -5.5856057e+001
  1.6500000e+002 -5.7426524e+001
  1.6600000e+002 -6.3507238e+001
  1.6700000e+002 -5.0009924e+001
  1.6800000e+002 -2.5598829e+001
  1.6900000e+002 -1.8097090e+001
  1.7000000e+002 -2.5894290e+001
  1.7100000e+002 -3.4171695e+001
  1.7200000e+002  1.0041462e+001
  1.7300000e+002  1.0384124e+001
  1.7400000e+002 -2.4363786e+001
  1.7500000e+002 -1.8651681e+001
  1.7600000e+002 -1.5748057e+001
  1.7700000e+002 -1.8398971e+001
  1.7800000e+002 -1.5821429e+001
  1.7900000e+002 -1.7436948e+001
  1.8000000e+002 -3.2303071e+001
  1.8100000e+002 -2.2806376e+001
  1.8200000e+002 -2.4939638e+001
  1.8300000e+002 -3.0292710e+001
  1.8400000e+002  6.2123905e+000
  1.8500000e+002  1.6689224e+001
  1.8600000e+002  4.8595905e+000
  1.8700000e+002  1.6619405e+001
  1.8800000e+002  6.7182095e+000
  1.8900000e+002 -1.5612824e+001
  1.9000000e+002  5.0294381e+000
  1.9100000e+002  1.7222229e+001
  1.9200000e+002  3.1799829e+001
  1.9300000e+002  2.8585386e+001
  1.9400000e+002  3.8393990e+001
  1.9500000e+002  4.1448086e+001
  1.9600000e+002  2.5838424e+001
  1.9700000e+002  3.5001967e+001
  1.9800000e+002  4.4246719e+001
  1.9900000e+002  2.3024205e+001
  2.0000000e+002  1.2152186e+001
  2.0100000e+002  2.6200348e+001
  2.0200000e+002  2.4858005e+001
  2.0300000e+002  2.0365410e+001
  2.0400000e+002  1.9080571e+001
  2.0500000e+002  2.1803233e+001
  2.0600000e+002  3.1830781e+001
  2.0700000e+002  3.3436086e+001
  2.0800000e+002  1.6069990e+001
  2.0900000e+002  5.3816286e+000
  2.1000000e+002  6.4376524e+000
  2.1100000e+002  3.3972524e+001
  2.1200000e+002  5.4846705e+001
  2.1300000e+002  4.9464095e+001
  2.1400000e+002  5.5786338e+001
  2.1500000e+002  5.2108033e+001
  2.1600000e+002  3.7478214e+001
  2.1700000e+002  3.5344119e+001
  2.1800000e+002  4.3193014e+001
  2.1900000e+002  4.5432876e+001
  2.2000000e+002  2.2523157e+001
  2.2100000e+002  1.2332933e+001
  2.2200000e+002  3.7567810e+001
  2.2300000e+002  4.1596562e+001
  2.2400000e+002  3.2628181e+001
  2.2500000e+002  4.4220219e+001
  2.2600000e+002  4.1605776e+001
  2.2700000e+002  2.6811848e+001
  2.2800000e+002  1.1914490e+001
  2.2900000e+002  1.6607162e+001
  2.3000000e+002  3.0000933e+001
  2.3100000e+002  1.4762229e+001
  2.3200000e+002  3.3839714e+000
  2.3300000e+002  2.5293724e+001
  2.3400000e+002  4.1354757e+001
  2.3500000e+002  2.3151976e+001
  2.3600000e+002  4.2950995e+001
  2.3700000e+002  6.1000400e+001
  2.3800000e+002  4.7584395e+001
  2.3900000e+002  3.6464862e+001
  2.4000000e+002  4.6709643e+001
  2.4100000e+002  4.7967543e+001
  2.4200000e+002  4.3201124e+001
  2.4300000e+002  2.6273976e+001
  2.4400000e+002  2.9715857e+000
  2.4500000e+002  1.4090433e+001
  2.4600000e+002  1.7760400e+001
  2.4700000e+002  3.3593419e+001
  2.4800000e+002  2.5528657e+001
  2.4900000e+002  3.2636529e+001
  2.5000000e+002  3.2943395e+001
  2.5100000e+002  2.0320257e+001
  2.5200000e+002  3.4713652e+001
  2.5300000e+002  2.3409967e+001
  2.5400000e+002  3.5919995e+001
  2.5500000e+002  4.7222662e+001
  2.5600000e+002  3.8243129e+001
  2.5700000e+002  4.0151529e+001
  2.5800000e+002  1.3572243e+001
  2.5900000e+002  1.7119062e+001
  2.6000000e+002  2.6184033e+001
  2.6100000e+002  3.8640800e+001
  2.6200000e+002  6.0932667e+001
  2.6300000e+002  4.3386690e+001
  2.6400000e+002  6.5319143e+001
  2.6500000e+002  5.8039195e+001
  2.6600000e+002  5.1847810e+001
  2.6700000e+002  6.1049324e+001
  2.6800000e+002  6.4779452e+001
  2.6900000e+002  5.8742995e+001
  2.7000000e+002  3.8767324e+001
  2.7100000e+002  5.6527076e+001
  2.7200000e+002  4.6791748e+001
  2.7300000e+002  4.7605181e+001
  2.7400000e+002  2.7790010e+001
  2.7500000e+002  5.5501190e+001
  2.7600000e+002  3.7024700e+001
  2.7700000e+002  4.6514314e+001
  2.7800000e+002  3.4075710e+001
  2.7900000e+002  4.1175748e+001
  2.8000000e+002  4.6255167e+001
  2.8100000e+002  1.7348995e+001
  2.8200000e+002  7.3930381e+000
  2.8300000e+002  2.4767971e+001
  2.8400000e+002  3.7699529e+001
  2.8500000e+002  5.5235052e+001
  2.8600000e+002  3.3718381e+001
  2.8700000e+002  4.3740538e+001
  2.8800000e+002  3.1471167e+001
  2.8900000e+002  3.3938043e+001
  2.9000000e+002  4.1418152e+001
  2.9100000e+002  1.7275600e+001
  2.9200000e+002  4.0847538e+001
  2.9300000e+002  7.1570310e+001
  2.9400000e+002  6.8556548e+001
  2.9500000e+002  7.6863533e+001
  2.9600000e+002  6.2444438e+001
  2.9700000e+002  4.2370400e+001
  2.9800000e+002  6.1133381e+001
  2.9900000e+002  5.3704405e+001
  3.0000000e+002  1.3901352e+001
  3.0100000e+002  3.1261286e+000
  3.0200000e+002  1.1860381e+001
  3.0300000e+002  1.7386738e+001
  3.0400000e+002  5.9407762e+000
  3.0500000e+002 -7.5920810e+000
  3.0600000e+002  1.7168095e+001
  3.0700000e+002  3.0440457e+001
  3.0800000e+002  2.5115805e+001
  3.0900000e+002  5.4041757e+001
  3.1000000e+002  5.6096257e+001
  3.1100000e+002  1.9310924e+001
  3.1200000e+002  3.9063329e+001
  3.1300000e+002  2.0615571e+001
  3.1400000e+002  1.2224338e+001
  3.1500000e+002  2.5025867e+001
  3.1600000e+002  3.1719314e+001
  3.1700000e+002  1.1873695e+001
  3.1800000e+002 -3.8367905e+000
  3.1900000e+002 -8.1438619e+000
  3.2000000e+002  4.2096190e-001
  3.2100000e+002  4.0440871e+001
  3.2200000e+002  6.4644000e+000
  3.2300000e+002  3.6059538e+001
  3.2400000e+002  3.2855371e+001
  3.2500000e+002 -6.1280571e+000
  3.2600000e+002  1.1148757e+001
  3.2700000e+002  3.5710857e+000
  3.2800000e+002 -9.1802381e-001
  3.2900000e+002  3.5679714e+000
  3.3000000e+002 -1.6276238e+000
  3.3100000e+002  1.4043819e+001
  3.3200000e+002  1.0464667e+000
  3.3300000e+002  2.3522448e+001
  3.3400000e+002  5.2814462e+001
  3.3500000e+002  3.1994100e+001
  3.3600000e+002  1.1306514e+001
  3.3700000e+002  1.1979762e+000
  3.3800000e+002  4.2467381e+000
  3.3900000e+002  1.6683233e+001
  3.4000000e+002  1.3029852e+001
  3.4100000e+002  3.0629010e+001
  3.4200000e+002  3.1428157e+001
  3.4300000e+002  4.3838667e+000
  3.4400000e+002 -1.5366443e+001
  3.4500000e+002 -1.3169129e+001
  3.4600000e+002  2.4193795e+001
  3.4700000e+002  2.4603638e+001
  3.4800000e+002  1.7380938e+001
  3.4900000e+002  2.4741729e+001
  3.5000000e+002  6.0524524e+000
  3.5100000e+002  1.4600324e+001
  3.5200000e+002 -4.7572952e+000
  3.5300000e+002 -1.2013929e+001
  3.5400000e+002 -1.2878481e+001
  3.5500000e+002 -5.1967143e-001
  3.5600000e+002 -1.5428305e+001
  3.5700000e+002  3.2276000e+000
  3.5800000e+002 -5.4032000e+000
  3.5900000e+002 -1.7695810e+000
  3.6000000e+002  2.2224510e+001
  3.6100000e+002  3.1991348e+001
  3.6200000e+002  5.0000867e+001
  3.6300000e+002  5.8891910e+001
  3.6400000e+002  5.6927624e+001
  3.6500000e+002 -4.6347619e-002
  3.6600000e+002 -4.1787810e+000
  3.6700000e+002  1.7787067e+001
  3.6800000e+002  2.5138952e+001
  3.6900000e+002  4.1247414e+001
  3.7000000e+002  5.4064476e+001
  3.7100000e+002  5.9513400e+001
  3.7200000e+002  6.8627319e+001
  3.7300000e+002  6.5132119e+001
  3.7400000e+002  6.9686505e+001
  3.7500000e+002  4.1523633e+001
  3.7600000e+002  2.6771552e+001
  3.7700000e+002  2.7041381e+001
  3.7800000e+002  3.8082833e+001
  3.7900000e+002  3.7329743e+001
  3.8000000e+002  2.8255843e+001
  3.8100000e+002  4.2894376e+001
  3.8200000e+002  4.2891043e+001
  3.8300000e+002  3.4007876e+001
  3.8400000e+002  3.9808557e+001
  3.8500000e+002  6.0966476e+001
  3.8600000e+002  4.9663586e+001
  3.8700000e+002  2.5839995e+001
  3.8800000e+002  3.0359138e+001
  3.8900000e+002  5.0291676e+001
  3.9000000e+002  4.6815829e+001
  3.9100000e+002  4.0215429e+001
  3.9200000e+002  3.7009810e+001
  3.9300000e+002  2.0802129e+001
  3.9400000e+002  1.3400267e+001
  3.9500000e+002  3.6222300e+001
  3.9600000e+002  6.5666195e+001
  3.9700000e+002  6.7125529e+001
  3.9800000e+002  5.5242652e+001
  3.9900000e+002  6.1358690e+001
  4.0000000e+002  1.0082230e+002
  4.0100000e+002  8.0697124e+001
  4.0200000e+002  5.9254605e+001
  4.0300000e+002  3.6595062e+001
  4.0400000e+002  2.3814681e+001
  4.0500000e+002  3.8690962e+001
  4.0600000e+002  3.6125290e+001
  4.0700000e+002  1.7570524e+001
  4.0800000e+002  3.3289714e+001
  4.0900000e+002  5.1369633e+001
  4.1000000e+002  4.0034576e+001
  4.1100000e+002  2.6738976e+001
  4.1200000e+002  2.2327410e+001
  4.1300000e+002  3.1527033e+001
  4.1400000e+002  3.0336981e+001
  4.1500000e+002  2.8711090e+001
  4.1600000e+002  3.2749157e+001
  4.1700000e+002  1.3926614e+001
  4.1800000e+002  6.5842381e+000
  4.1900000e+002  2.1053324e+001
  4.2000000e+002  2.0833010e+001
  4.2100000e+002  3.6322957e+001
  4.2200000e+002  6.7651057e+001
  4.2300000e+002  6.9195800e+001
  4.2400000e+002  5.7554257e+001
  4.2500000e+002  3.9768210e+001
  4.2600000e+002  3.0567010e+001
  4.2700000e+002  3.5451695e+001
  4.2800000e+002  4.2889443e+001
  4.2900000e+002  4.4101110e+001
  4.3000000e+002  2.8647605e+001
  4.3100000e+002  1.0752481e+001
  4.3200000e+002  3.3460871e+001
  4.3300000e+002  5.5273924e+001
  4.3400000e+002  3.5337543e+001
  4.3500000e+002  3.2321910e+001
  4.3600000e+002  5.8901752e+001
  4.3700000e+002  3.7076314e+001
  4.3800000e+002  2.9574243e+001
  4.3900000e+002  3.8515671e+001
  4.4000000e+002  3.4936633e+001
  4.4100000e+002  4.3028257e+001
  4.4200000e+002  2.6771157e+001
  4.4300000e+002  1.7113586e+001
  4.4400000e+002  1.2137800e+001
  4.4500000e+002  3.2554510e+001
  4.4600000e+002  4.2129895e+001
  4.4700000e+002  5.5187795e+001
  4.4800000e+002  4.8455905e+001
  4.4900000e+002  2.5313619e+000
  4.5000000e+002 -7.3882095e+000
  4.5100000e+002 -1.2532476e+000
  4.5200000e+002  1.7815576e+001
  4.5300000e+002  1.8977233e+001
  4.5400000e+002 -1.7024429e+000
  4.5500000e+002  1.1122648e+001
  4.5600000e+002  1.7412943e+001
  4.5700000e+002 -2.5234143e+000
  4.5800000e+002 -1.4502600e+001
  4.5900000e+002 -1.3974181e+001
  4.6000000e+002 -2.1672800e+001
  4.6100000e+002 -1.5015738e+001
  4.6200000e+002 -1.3101290e+001
  4.6300000e+002  6.0581571e+000
  4.6400000e+002  1.3351333e+000
  4.6500000e+002 -7.4244429e+000
  4.6600000e+002  1.1096033e+001
  4.6700000e+002  1.8901119e+001
  4.6800000e+002 -1.1557086e+001
  4.6900000e+002  7.9483476e+000
  4.7000000e+002  2.9693490e+001
  4.7100000e+002  1.2507743e+001
  4.7200000e+002  2.9467143e+000
  4.7300000e+002  1.2869990e+001
  4.7400000e+002  2.3654643e+001
  4.7500000e+002  1.5357333e+001
  4.7600000e+002  1.6331348e+001
  4.7700000e+002  1.1629905e+001
  4.7800000e+002  7.6266905e+000
  4.7900000e+002  1.5730152e+001
  4.8000000e+002  7.8999762e+000
  4.8100000e+002 -6.7018762e+000
  4.8200000e+002  7.6682762e+000
  4.8300000e+002  5.0600143e+000
  4.8400000e+002 -1.0661395e+001
  4.8500000e+002  6.7193048e+000
  4.8600000e+002  1.3080152e+001
  4.8700000e+002  1.0865038e+001
  4.8800000e+002  2.7696871e+001
  4.8900000e+002  2.4516290e+001
  4.9000000e+002  1.8179057e+001
  4.9100000e+002  1.2238371e+001
  4.9200000e+002 -8.1557810e+000
  4.9300000e+002 -1.0406757e+001
  4.9400000e+002  7.1560667e+000
  4.9500000e+002 -9.4950095e+000
  4.9600000e+002 -2.7194867e+001
  4.9700000e+002 -2.8518857e+000
  4.9800000e+002  1.2160333e+001
  4.9900000e+002  1.3073429e+000
  5.0000000e+002  2.6662952e+000
  5.0100000e+002 -2.8306143e+000
  5.0200000e+002  2.3053048e+001
  5.0300000e+002 -7.9561905e-002
  5.0400000e+002 -1.8558133e+001
  5.0500000e+002 -3.3545638e+001
  5.0600000e+002 -2.9319114e+001
  5.0700000e+002 -1.0227157e+001
  5.0800000e+002 -8.2539143e+000
  5.0900000e+002  1.6247238e+000
  5.1000000e+002 -1.9906333e+000
  5.1100000e+002  8.9749429e+000
  5.1200000e+002 -1.4433719e+001
  5.1300000e+002 -3.8823357e+001
  5.1400000e+002 -4.1434024e+001
  5.1500000e+002 -2.8714748e+001
  5.1600000e+002 -7.5181381e+000
  5.1700000e+002  7.6709619e+000
  5.1800000e+002 -1.5562590e+001
  5.1900000e+002  1.5837476e+000
  5.2000000e+002 -6.1690190e+000
  5.2100000e+002  2.8987748e+001
  5.2200000e+002  9.8581905e+000
  5.2300000e+002  1.3190324e+001
  5.2400000e+002 -2.1631967e+001
  5.2500000e+002 -4.8462924e+001
  5.2600000e+002 -1.5494471e+001
  5.2700000e+002 -1.7553233e+001
  5.2800000e+002 -1.4587838e+001
  5.2900000e+002 -2.0151571e+000
  5.3000000e+002  3.2618571e-001
  5.3100000e+002 -3.5240429e+000
  5.3200000e+002 -8.8196905e+000
  5.3300000e+002 -2.3305200e+001
  5.3400000e+002 -9.5809143e+000
  5.3500000e+002  5.8720000e-001
  5.3600000e+002  5.3076743e+001
  5.3700000e+002  3.6061267e+001
  5.3800000e+002  1.1443829e+001
  5.3900000e+002 -1.6697510e+001
  5.4000000e+002  1.8423443e+001
  5.4100000e+002 -1.5696762e+000
  5.4200000e+002 -7.2099429e+000
  5.4300000e+002 -1.4245548e+001
  5.4400000e+002  2.9612905e+000
  5.4500000e+002  2.4762752e+001
  5.4600000e+002 -3.2536357e+001
  5.4700000e+002 -3.1957090e+001
  5.4800000e+002 -3.4899110e+001
  5.4900000e+002 -1.7570229e+001
  5.5000000e+002 -9.0578714e+000
  5.5100000e+002 -1.7351876e+001
  5.5200000e+002  9.8544857e+000
  5.5300000e+002  8.3945286e+000
  5.5400000e+002 -9.7720952e-001
  5.5500000e+002 -1.6233733e+001
  5.5600000e+002  6.5840476e-001
  5.5700000e+002  2.6222486e+001
  5.5800000e+002 -4.9592714e+000
  5.5900000e+002 -2.1885424e+001
  5.6000000e+002 -4.5198762e+000
  5.6100000e+002 -1.3179238e+000
  5.6200000e+002  1.6636857e+000
  5.6300000e+002 -8.1055810e+000
  5.6400000e+002  5.1416429e+000
  5.6500000e+002 -2.0024548e+001
  5.6600000e+002 -4.3568510e+001
  5.6700000e+002 -1.1433229e+001
  5.6800000e+002  2.0103829e+001
  5.6900000e+002  2.6361910e+001
  5.7000000e+002  1.2811824e+001
  5.7100000e+002 -9.3994476e+000
  5.7200000e+002 -1.5103424e+001
  5.7300000e+002  1.8335010e+001
  5.7400000e+002 -1.3207590e+001
  5.7500000e+002 -2.1955886e+001
  5.7600000e+002 -3.4468167e+001
  5.7700000e+002 -1.9970371e+001
  5.7800000e+002 -1.9753233e+001
  5.7900000e+002 -1.9586833e+001
  5.8000000e+002 -1.7550810e+001
  5.8100000e+002 -8.3781143e+000
  5.8200000e+002  1.0397190e+000
  5.8300000e+002  6.3807000e+000
  5.8400000e+002 -1.8555571e+000
  5.8500000e+002  6.5772381e-001
  5.8600000e+002 -2.3272033e+001
  5.8700000e+002 -4.2277795e+001
  5.8800000e+002 -3.1991648e+001
  5.8900000e+002 -2.7814986e+001
  5.9000000e+002 -3.2640714e+001
  5.9100000e+002 -1.8032905e+001
  5.9200000e+002 -1.9278810e+001
  5.9300000e+002  6.7873381e+000
  5.9400000e+002  2.0568914e+001
  5.9500000e+002 -6.5264810e+000
  5.9600000e+002 -1.8440224e+001
  5.9700000e+002 -2.3065705e+001
  5.9800000e+002 -8.7169429e+000
  5.9900000e+002  2.5074619e+000
  6.0000000e+002  2.0255538e+001
  6.0100000e+002  3.2238676e+001
  6.0200000e+002  1.6407481e+001
  6.0300000e+002  4.3252667e+000
  6.0400000e+002 -2.2134762e-001
  6.0500000e+002  1.1562224e+001
  6.0600000e+002  6.9446762e+000
  6.0700000e+002  4.0772381e-001
  6.0800000e+002  9.1001810e+000
  6.0900000e+002  1.0756148e+001
  6.1000000e+002 -7.6900952e-001
  6.1100000e+002 -3.8579381e+000
  6.1200000e+002  2.5360890e+001
  6.1300000e+002  3.3921095e+001
  6.1400000e+002  2.2996957e+001
  6.1500000e+002  1.6903995e+001
  6.1600000e+002  9.4159143e+000
  6.1700000e+002  2.8112862e+001
  6.1800000e+002  4.4779433e+001
  6.1900000e+002  5.1290790e+001
  6.2000000e+002  5.0489076e+001
  6.2100000e+002  2.6569481e+001
  6.2200000e+002  3.9532029e+001
  6.2300000e+002  5.2908152e+001
  6.2400000e+002  2.9155824e+001
  6.2500000e+002  6.4875048e+000
  6.2600000e+002  3.4712619e+000
  6.2700000e+002  8.9211190e+000
  6.2800000e+002  1.2199319e+001
  6.2900000e+002  8.7383857e+000
  6.3000000e+002 -8.9145381e+000
  6.3100000e+002 -2.5549276e+001
  6.3200000e+002 -1.9623095e+000
  6.3300000e+002  1.6247219e+001
  6.3400000e+002  2.2223019e+001
  6.3500000e+002  3.1885857e+000
  6.3600000e+002  3.4823452e+001
  6.3700000e+002  5.2997490e+001
  6.3800000e+002  4.7447838e+001
  6.3900000e+002  4.5404871e+001
  6.4000000e+002  3.5367405e+001
  6.4100000e+002  1.4326252e+001
  6.4200000e+002  8.5438810e+000
  6.4300000e+002  1.8749348e+001
  6.4400000e+002  1.7313529e+001
  6.4500000e+002  3.6755776e+001
  6.4600000e+002  2.9321224e+001
  6.4700000e+002  3.2602000e+000
  6.4800000e+002  1.5456733e+001
  6.4900000e+002  6.2861095e+000
  6.5000000e+002  6.3128429e+000
  6.5100000e+002  1.4536590e+001
  6.5200000e+002  7.0756000e+000
  6.5300000e+002  8.1512000e+000
  6.5400000e+002  1.6886810e+001
  6.5500000e+002  2.9145024e+001
  6.5600000e+002  5.2367000e+000
  6.5700000e+002  3.7049386e+001
  6.5800000e+002  1.7423462e+001
  6.5900000e+002  4.6176152e+001
  6.6000000e+002  6.4807914e+001
  6.6100000e+002  7.9919695e+001
  6.6200000e+002  1.0149243e+002
  6.6300000e+002  1.1507698e+002
  6.6400000e+002  1.2551202e+002
  6.6500000e+002  1.5568677e+002
  6.6600000e+002  2.0216287e+002
  6.6700000e+002  2.4289002e+002
  6.6800000e+002  2.3501393e+002
  6.6900000e+002  2.6584328e+002
  6.7000000e+002  2.6590115e+002
  6.7100000e+002  2.6374150e+002
  6.7200000e+002  2.2568251e+002
  6.7300000e+002  1.6211248e+002
  6.7400000e+002  1.2400252e+002
  6.7500000e+002  1.2461513e+002
  6.7600000e+002  9.9350281e+001
  6.7700000e+002  7.6855714e+001
  6.7800000e+002  3.8597005e+001
  6.7900000e+002  2.7032457e+001
  6.8000000e+002  2.9113143e+001
  6.8100000e+002  1.9619781e+001
  6.8200000e+002  1.4219190e+001
  6.8300000e+002  1.4737886e+001
  6.8400000e+002  2.9087857e+000
  6.8500000e+002  1.2906733e+001
  6.8600000e+002  2.1253405e+001
  6.8700000e+002  6.1364238e+000
  6.8800000e+002  7.9400143e+000
  6.8900000e+002 -1.3081143e+001
  6.9000000e+002 -4.1972476e+000
  6.9100000e+002  1.2914019e+001
  6.9200000e+002  1.6383548e+001
  6.9300000e+002 -2.6569048e+000
  6.9400000e+002 -2.5100610e+001
  6.9500000e+002 -1.7334257e+001
  6.9600000e+002  4.7064000e+000
  6.9700000e+002  2.0018243e+001
  6.9800000e+002  1.6110857e+001
  6.9900000e+002  1.4477219e+001
  7.0000000e+002  2.4801533e+001
  7.0100000e+002  2.9762052e+001
  7.0200000e+002  2.2283486e+001
  7.0300000e+002 -1.7333862e+001
  7.0400000e+002 -2.1635090e+001
  7.0500000e+002  1.7244952e+000
  7.0600000e+002  9.7112476e+000
  7.0700000e+002  1.0580167e+001
  7.0800000e+002 -1.0631924e+001
  7.0900000e+002 -1.9507943e+001
  7.1000000e+002  1.3146200e+001
  7.1100000e+002  2.5087133e+001
  7.1200000e+002  3.4367000e+000
  7.1300000e+002 -3.0298386e+001
  7.1400000e+002 -2.5954767e+001
  7.1500000e+002 -3.0831762e+000
  7.1600000e+002  6.3931381e+000
  7.1700000e+002  2.1820700e+001
  7.1800000e+002  1.4921495e+001
  7.1900000e+002 -9.1773143e+000
  7.2000000e+002 -2.3230729e+001
  7.2100000e+002 -2.0950138e+001
  7.2200000e+002 -1.4871062e+001
  7.2300000e+002 -2.6523962e+001
  7.2400000e+002 -4.3638262e+001
  7.2500000e+002 -2.3707329e+001
  7.2600000e+002  1.1324681e+001
  7.2700000e+002 -1.3142048e+000
  7.2800000e+002 -2.6550767e+001
  7.2900000e+002 -1.6488143e+001
  7.3000000e+002  1.1294238e+000
  7.3100000e+002  1.2454000e+000
  7.3200000e+002 -1.9794290e+001
  7.3300000e+002 -1.5556090e+001
  7.3400000e+002 -1.9341505e+001
  7.3500000e+002 -2.5899795e+001
  7.3600000e+002 -1.3302238e+000
  7.3700000e+002  1.7998343e+001
  7.3800000e+002  4.5961238e+000
  7.3900000e+002  2.5635757e+001
  7.4000000e+002  1.4682476e+001
  7.4100000e+002 -1.4966867e+001
  7.4200000e+002 -9.8304286e-001
  7.4300000e+002 -5.1333381e+000
  7.4400000e+002 -1.0005681e+001
  7.4500000e+002 -2.3531095e+000
  7.4600000e+002 -1.1053090e+001
  7.4700000e+002 -1.0664186e+001
  7.4800000e+002 -3.0846438e+001
  7.4900000e+002  8.3106857e+000
  7.5000000e+002 -4.6554952e+000
  7.5100000e+002 -3.3013762e+000
  7.5200000e+002 -2.2021781e+001
  7.5300000e+002 -4.3877614e+001
  7.5400000e+002 -3.4382757e+001
  7.5500000e+002 -4.6385762e+001
  7.5600000e+002 -3.3945281e+001
  7.5700000e+002  6.3362381e+000
  7.5800000e+002 -4.4726810e+000
  7.5900000e+002 -1.4958624e+001
  7.6000000e+002 -1.5982229e+001
  7.6100000e+002 -3.1572195e+001
  7.6200000e+002 -2.5394648e+001
  7.6300000e+002 -1.9985267e+001
  7.6400000e+002 -4.8226333e+000
  7.6500000e+002  1.9849238e+001
  7.6600000e+002  2.3515100e+001
  7.6700000e+002  6.5848571e-001
  7.6800000e+002 -4.0543095e+000
  7.6900000e+002 -1.1747529e+001
  7.7000000e+002 -2.5639810e+000
  7.7100000e+002 -1.8832214e+001
  7.7200000e+002 -8.6585238e-001
  7.7300000e+002 -1.4277471e+001
  7.7400000e+002 -1.1709148e+001
  7.7500000e+002  6.8058952e+001
  7.7600000e+002  2.8702271e+001
  7.7700000e+002 -1.4613086e+001
  7.7800000e+002 -2.4744014e+001
  7.7900000e+002  1.5823505e+001
  7.8000000e+002  2.6076033e+001
  7.8100000e+002  2.8046095e+000
  7.8200000e+002 -1.3050619e+001
  7.8300000e+002 -1.6820957e+001
  7.8400000e+002 -2.8513219e+001
  7.8500000e+002 -1.9584638e+001
  7.8600000e+002 -9.2283143e+000
  7.8700000e+002 -8.9319905e+000
  7.8800000e+002 -1.2362786e+001
  7.8900000e+002 -8.6789905e+000
  7.9000000e+002 -3.6186619e+000
  7.9100000e+002 -4.4326667e+000
  7.9200000e+002 -1.2937152e+001
  7.9300000e+002 -1.5280305e+001
  7.9400000e+002 -1.8492533e+001
  7.9500000e+002 -1.7266700e+001
  7.9600000e+002  4.3276190e-002
  7.9700000e+002  8.4173048e+000
  7.9800000e+002  9.8329333e+000
  7.9900000e+002  6.1802143e+000
  8.0000000e+002  3.6890000e+000
  8.0100000e+002  8.7235333e+000
  8.0200000e+002  1.7080238e+000
  8.0300000e+002 -1.6877433e+001
  8.0400000e+002  1.6236343e+001
  8.0500000e+002  2.6438648e+001
  8.0600000e+002  1.8034290e+001
  8.0700000e+002  7.7077762e+000
  8.0800000e+002  2.7919286e+000
  8.0900000e+002  1.3668667e+001
  8.1000000e+002  1.0323538e+001
  8.1100000e+002  1.5438905e+001
  8.1200000e+002  2.1151238e+001
  8.1300000e+002  1.4441881e+001
  8.1400000e+002  2.0318719e+001
  8.1500000e+002  3.3802624e+001
  8.1600000e+002  8.3299095e+000
  8.1700000e+002 -2.0200857e+000
  8.1800000e+002 -9.3831905e+000
  8.1900000e+002 -2.4185143e+000
  8.2000000e+002 -6.8561238e+000
  8.2100000e+002 -2.2141695e+001
  8.2200000e+002 -2.1957990e+001
  8.2300000e+002 -9.5543667e+000
  8.2400000e+002  3.4930667e+000
  8.2500000e+002  1.7288857e+001
  8.2600000e+002  2.4365210e+001
  8.2700000e+002 -1.2441171e+001
  8.2800000e+002  1.2975414e+001
  8.2900000e+002  1.6334010e+001
  8.3000000e+002  1.1033476e+001
  8.3100000e+002  2.0866462e+001
  8.3200000e+002  4.6487095e+000
  8.3300000e+002 -2.1053471e+001
  8.3400000e+002 -6.0867000e+000
  8.3500000e+002 -4.2747571e+000
  8.3600000e+002  2.1156219e+001
  8.3700000e+002  2.3621529e+001
  8.3800000e+002  4.7309524e-001
  8.3900000e+002 -1.1776848e+001
  8.4000000e+002 -1.5062952e+000
  8.4100000e+002  1.1921424e+001
  8.4200000e+002  1.6861514e+001
  8.4300000e+002  1.3005300e+001
  8.4400000e+002  9.2566952e+000
  8.4500000e+002  8.5093619e+000
  8.4600000e+002  2.1858867e+001
  8.4700000e+002  2.4987086e+001
  8.4800000e+002  3.7144400e+001
  8.4900000e+002  3.5593652e+001
  8.5000000e+002  2.4127738e+001
  8.5100000e+002  2.6008829e+001
  8.5200000e+002  1.9358138e+001
  8.5300000e+002  3.1806381e+000
  8.5400000e+002  4.3243671e+001
  8.5500000e+002  6.3029833e+001
  8.5600000e+002  8.2277238e+000
  8.5700000e+002  3.2264667e+001
  8.5800000e+002  1.8335886e+001
  8.5900000e+002 -7.5934286e-001
  8.6000000e+002 -6.1167667e+000
  8.6100000e+002  2.2289643e+001
  8.6200000e+002  5.2605429e+000
  8.6300000e+002 -1.1520862e+001
  8.6400000e+002 -2.3130905e+000
  8.6500000e+002 -1.1142105e+001
  8.6600000e+002 -1.9089281e+001
  8.6700000e+002 -2.9318738e+001
  8.6800000e+002 -2.0362886e+001
  8.6900000e+002  7.0526048e+000
  8.7000000e+002  1.1451405e+001
  8.7100000e+002 -1.0496310e+001
  8.7200000e+002  2.7949190e+001
  8.7300000e+002  4.0145214e+001
  8.7400000e+002  3.1723624e+001
  8.7500000e+002  2.7150000e-001
  8.7600000e+002  2.1145900e+001
  8.7700000e+002  8.1791952e+000
  8.7800000e+002  1.3120043e+001
  8.7900000e+002  1.7466143e+000
  8.8000000e+002  1.4465857e+000
  8.8100000e+002  1.9685562e+001
  8.8200000e+002  7.6335286e+000
  8.8300000e+002 -2.2793952e+000
  8.8400000e+002  1.3066700e+001
  8.8500000e+002  2.2783381e+001
  8.8600000e+002  1.9384948e+001
  8.8700000e+002  2.8487967e+001
  8.8800000e+002  3.2595886e+001
  8.8900000e+002  1.1763033e+001
  8.9000000e+002 -3.8814286e-001
  8.9100000e+002  2.6870767e+001
  8.9200000e+002  3.3655605e+001
  8.9300000e+002  4.5625476e+000
  8.9400000e+002  1.7827238e+000
  8.9500000e+002  1.5149524e+000
  8.9600000e+002  7.4153857e+000
  8.9700000e+002 -4.5256714e+000
  8.9800000e+002 -7.8816190e-001
  8.9900000e+002  6.8494905e+000
  9.0000000e+002 -5.3782905e+000
  9.0100000e+002 -2.3810381e+001
  9.0200000e+002 -1.0548714e+001
  9.0300000e+002  1.2940962e+001
  9.0400000e+002  3.3053581e+001
  9.0500000e+002  3.5678133e+001
  9.0600000e+002  2.3961190e+001
  9.0700000e+002  2.4467938e+001
  9.0800000e+002  1.3500781e+001
  9.0900000e+002  2.2975586e+001
  9.1000000e+002  9.1402476e+000
  9.1100000e+002 -5.3490476e-001
  9.1200000e+002  1.1125238e+000
  9.1300000e+002  7.3539524e-001
  9.1400000e+002 -2.3340143e+000
  9.1500000e+002  9.2585524e+000
  9.1600000e+002  2.7045324e+001
  9.1700000e+002 -1.4967048e+000
  9.1800000e+002 -5.9735190e+000
  9.1900000e+002  1.1713676e+001
  9.2000000e+002  3.2637524e+000
  9.2100000e+002  3.7919914e+001
  9.2200000e+002  5.2780619e+001
  9.2300000e+002  3.9512862e+001
  9.2400000e+002  2.8299762e+001
  9.2500000e+002  2.8943929e+001
  9.2600000e+002  2.2039676e+001
  9.2700000e+002 -1.1759457e+001
  9.2800000e+002  5.5926019e+001
  9.2900000e+002  2.3049086e+001
  9.3000000e+002  3.3592871e+001
  9.3100000e+002  1.0121190e+001
  9.3200000e+002  1.7506581e+001
  9.3300000e+002  3.9712552e+001
  9.3400000e+002  1.3965305e+001
  9.3500000e+002  1.3281729e+001
  9.3600000e+002  7.6567286e+000
  9.3700000e+002  2.9673810e-001
  9.3800000e+002 -1.4876152e+001
  9.3900000e+002 -1.0862138e+001
  9.4000000e+002  1.6957667e+000
  9.4100000e+002  6.7742476e+000
  9.4200000e+002  1.2545138e+001
  9.4300000e+002  1.3693010e+001
  9.4400000e+002 -8.2286952e+000
  9.4500000e+002 -1.4461967e+001
  9.4600000e+002 -1.4447286e+000
  9.4700000e+002  5.2340571e+000
  9.4800000e+002  2.3457195e+001
  9.4900000e+002  3.4698681e+001
  9.5000000e+002  3.1530238e+001
  9.5100000e+002  2.0923567e+001
  9.5200000e+002  8.1796571e+000
  9.5300000e+002 -2.8544810e+000
  9.5400000e+002  1.2926929e+001
  9.5500000e+002 -5.0337286e+000
  9.5600000e+002 -1.9699295e+001
  9.5700000e+002 -3.6687238e+000
  9.5800000e+002  9.3167095e+000
  9.5900000e+002 -5.2166333e+000
  9.6000000e+002  1.7276619e+001
  9.6100000e+002  7.9414619e+000
  9.6200000e+002  1.4773205e+001
  9.6300000e+002  1.0023157e+001
  9.6400000e+002  2.4333667e+000
  9.6500000e+002  1.8676500e+001
  9.6600000e+002  1.2108143e+001
  9.6700000e+002  7.9050286e+000
  9.6800000e+002  2.3243652e+001
  9.6900000e+002  1.7113248e+001
  9.7000000e+002  3.1192943e+001
  9.7100000e+002  3.0343790e+001
  9.7200000e+002  3.0545633e+001
  9.7300000e+002  2.0115886e+001
  9.7400000e+002  1.7419933e+001
  9.7500000e+002  1.5660057e+001
  9.7600000e+002  7.5417190e+000
  9.7700000e+002  7.9993429e+000
  9.7800000e+002  1.1840890e+001
  9.7900000e+002  5.6395238e-001
  9.8000000e+002  7.8526905e+000
  9.8100000e+002  8.6502762e+000
  9.8200000e+002  4.8490000e-001
  9.8300000e+002 -2.7861333e+000
  9.8400000e+002 -1.2665552e+001
  9.8500000e+002 -1.4054633e+001
  9.8600000e+002  1.2096852e+001
  9.8700000e+002  4.6599952e+000
  9.8800000e+002  5.7604762e-002
  9.8900000e+002  1.4476052e+001
  9.9000000e+002 -7.5001095e+000
  9.9100000e+002 -3.8703143e+000
  9.9200000e+002 -1.5623571e+000
  9.9300000e+002  1.7781633e+001
  9.9400000e+002  1.4570719e+001
  9.9500000e+002  1.1767376e+001
  9.9600000e+002 -2.5194743e+001
  9.9700000e+002 -7.6089476e+000
  9.9800000e+002 -6.0524857e+000
  9.9900000e+002  1.2856952e+001
  1.0000000e+003  4.5428762e+000
  1.0010000e+003 -1.3132476e+000
  1.0020000e+003  2.6305905e+000
  1.0030000e+003  1.4557081e+001
  1.0040000e+003 -6.0316571e+000
  1.0050000e+003 -1.3218752e+001
  1.0060000e+003  1.2410205e+001
  1.0070000e+003  2.8497805e+001
  1.0080000e+003  3.0278786e+001
  1.0090000e+003  2.9109443e+001
  1.0100000e+003  1.4413857e+001
  1.0110000e+003  3.4790095e+000
  1.0120000e+003  9.8108571e-001
  1.0130000e+003  1.3731524e+000
  1.0140000e+003 -2.5079000e+000
  1.0150000e+003 -5.5339048e-001
  1.0160000e+003  8.6182905e+000
  1.0170000e+003  2.4033005e+001
  1.0180000e+003  2.7969757e+001
  1.0190000e+003  1.4698162e+001
  1.0200000e+003  1.5873238e+000
  1.0210000e+003  2.4199999e-002
  1.0220000e+003  2.4199999e-002
  1.0230000e+003  2.4199999e-002
  1.0240000e+003  2.4199999e-002
