  0.0000000e+000  1.8790106e+001
  1.0000000e-003  3.7264520e+001
  2.0000000e-003  7.8080348e+001
  3.0000000e-003  1.1909770e+002
  4.0000000e-003  1.5598950e+002
  5.0000000e-003  1.8633401e+002
  6.0000000e-003  2.1183613e+002
  7.0000000e-003  2.3522034e+002
  8.0000000e-003  2.5651784e+002
  9.0000000e-003  2.7513284e+002
  1.0000000e-002  2.9097595e+002
  1.1000000e-002  2.9815772e+002
  1.2000000e-002  2.9013968e+002
  1.3000000e-002  2.7303199e+002
  1.4000000e-002  2.5423902e+002
  1.5000000e-002  2.3318766e+002
  1.6000000e-002  2.0838475e+002
  1.7000000e-002  1.8192494e+002
  1.8000000e-002  1.5746720e+002
  1.9000000e-002  1.3552897e+002
  2.0000000e-002  1.1629587e+002
  2.1000000e-002  1.0035765e+002
  2.2000000e-002  8.6345919e+001
  2.3000000e-002  7.2513322e+001
  2.4000000e-002  5.8135000e+001
  2.5000000e-002  4.5159066e+001
  2.6000000e-002  3.6961285e+001
  2.7000000e-002  3.3900647e+001
  2.8000000e-002  3.2943010e+001
  2.9000000e-002  2.9967408e+001
  3.0000000e-002  2.3668005e+001
  3.1000000e-002  1.7707555e+001
  3.2000000e-002  1.5272624e+001
  3.3000000e-002  1.4989795e+001
  3.4000000e-002  1.4474535e+001
  3.5000000e-002  1.2710694e+001
  3.6000000e-002  1.0928925e+001
  3.7000000e-002  9.3822787e+000
  3.8000000e-002  6.6006361e+000
  3.9000000e-002  2.7193331e+000
  4.0000000e-002  4.5200824e-001
  4.1000000e-002  2.6528595e-002
  4.2000000e-002  7.1811474e-002
  4.3000000e-002  8.6345727e-001
  4.4000000e-002  2.5203172e+000
  4.5000000e-002  4.1605216e+000
  4.6000000e-002  4.3855099e+000
  4.7000000e-002  2.9963983e+000
  4.8000000e-002  1.8235452e+000
  4.9000000e-002  2.0758348e+000
  5.0000000e-002  3.3622457e+000
  5.1000000e-002  4.3315152e+000
  5.2000000e-002  4.5554623e+000
  5.3000000e-002  4.1602728e+000
  5.4000000e-002  2.5755309e+000
  5.5000000e-002  8.4908457e-001
  5.6000000e-002  6.7586071e-001
  5.7000000e-002  2.1037907e+000
  5.8000000e-002  3.6992218e+000
  5.9000000e-002  4.5095789e+000
  6.0000000e-002  4.8786116e+000
  6.1000000e-002  4.9622801e+000
  6.2000000e-002  4.2839446e+000
  6.3000000e-002  3.1207339e+000
  6.4000000e-002  2.3612946e+000
  6.5000000e-002  2.2760200e+000
  6.6000000e-002  2.5318385e+000
  6.7000000e-002  3.0097692e+000
  6.8000000e-002  2.9199898e+000
  6.9000000e-002  2.0404069e+000
  7.0000000e-002  2.1377305e+000
  7.1000000e-002  4.2831457e+000
  7.2000000e-002  5.9714710e+000
  7.3000000e-002  4.9230543e+000
  7.4000000e-002  2.6118799e+000
  7.5000000e-002  8.8699948e-001
  7.6000000e-002 -3.9279499e-001
  7.7000000e-002 -1.2304682e+000
  7.8000000e-002 -8.9367005e-001
  7.9000000e-002  3.2458794e-001
  8.0000000e-002  1.4228560e+000
  8.1000000e-002  2.0226959e+000
  8.2000000e-002  2.5286114e+000
  8.3000000e-002  3.0022409e+000
  8.4000000e-002  2.9759549e+000
  8.5000000e-002  2.3953264e+000
  8.6000000e-002  1.5249661e+000
  8.7000000e-002  8.8187727e-001
  8.8000000e-002  1.3081172e+000
  8.9000000e-002  3.1244764e+000
  9.0000000e-002  5.4580578e+000
  9.1000000e-002  7.0488367e+000
  9.2000000e-002  7.3278326e+000
  9.3000000e-002  7.0168714e+000
  9.4000000e-002  7.9011206e+000
  9.5000000e-002  1.1620965e+001
  9.6000000e-002  1.7093713e+001
  9.7000000e-002  2.1353529e+001
  9.8000000e-002  2.3513408e+001
  9.9000000e-002  2.6162041e+001
  1.0000000e-001  3.2496680e+001
  1.0100000e-001  4.1388225e+001
  1.0200000e-001  5.2408614e+001
  1.0300000e-001  7.2420796e+001
  1.0400000e-001  1.0866745e+002
  1.0500000e-001  1.6207906e+002
  1.0600000e-001  2.2851540e+002
  1.0700000e-001  3.0273380e+002
  1.0800000e-001  3.6992472e+002
  1.0900000e-001  4.2236983e+002
  1.1000000e-001  4.5338590e+002
  1.1100000e-001  4.5427390e+002
  1.1200000e-001  4.2298590e+002
  1.1300000e-001  3.7444789e+002
  1.1400000e-001  3.2500874e+002
  1.1500000e-001  2.8048851e+002
  1.1600000e-001  2.4760376e+002
  1.1700000e-001  2.2628922e+002
  1.1800000e-001  2.0995208e+002
  1.1900000e-001  1.9346291e+002
  1.2000000e-001  1.7821642e+002
  1.2100000e-001  1.6676939e+002
  1.2200000e-001  1.5920015e+002
  1.2300000e-001  1.5100683e+002
  1.2400000e-001  1.3834525e+002
  1.2500000e-001  1.2567679e+002
  1.2600000e-001  1.2093450e+002
  1.2700000e-001  1.2473971e+002
  1.2800000e-001  1.2912496e+002
  1.2900000e-001  1.2785354e+002
  1.3000000e-001  1.2087063e+002
  1.3100000e-001  1.1231632e+002
  1.3200000e-001  1.0528064e+002
  1.3300000e-001  1.0022984e+002
  1.3400000e-001  9.8992817e+001
  1.3500000e-001  1.0156359e+002
  1.3600000e-001  1.0650744e+002
  1.3700000e-001  1.1258870e+002
  1.3800000e-001  1.1929529e+002
  1.3900000e-001  1.2547471e+002
  1.4000000e-001  1.2827325e+002
  1.4100000e-001  1.2650148e+002
  1.4200000e-001  1.2320431e+002
  1.4300000e-001  1.2236943e+002
  1.4400000e-001  1.2585485e+002
  1.4500000e-001  1.3404252e+002
  1.4600000e-001  1.4530815e+002
  1.4700000e-001  1.5856810e+002
  1.4800000e-001  1.7264101e+002
  1.4900000e-001  1.8762062e+002
  1.5000000e-001  2.0139037e+002
  1.5100000e-001  2.1078733e+002
  1.5200000e-001  2.1869648e+002
  1.5300000e-001  2.3096973e+002
  1.5400000e-001  2.4795771e+002
  1.5500000e-001  2.6183734e+002
  1.5600000e-001  2.6666566e+002
  1.5700000e-001  2.6515866e+002
  1.5800000e-001  2.5934676e+002
  1.5900000e-001  2.4804078e+002
  1.6000000e-001  2.2981500e+002
  1.6100000e-001  2.0379109e+002
  1.6200000e-001  1.7287043e+002
  1.6300000e-001  1.4612297e+002
  1.6400000e-001  1.2891058e+002
  1.6500000e-001  1.1330654e+002
  1.6600000e-001  9.3161008e+001
  1.6700000e-001  7.1910698e+001
  1.6800000e-001  5.4975347e+001
  1.6900000e-001  4.2780263e+001
  1.7000000e-001  3.2597509e+001
  1.7100000e-001  2.1654758e+001
  1.7200000e-001  9.3152972e+000
  1.7300000e-001  1.5883419e-001
  1.7400000e-001 -5.9824100e+000
  1.7500000e-001 -1.4029902e+001
  1.7600000e-001 -2.4200799e+001
  1.7700000e-001 -2.9868273e+001
  1.7800000e-001 -2.9226835e+001
  1.7900000e-001 -2.8138791e+001
  1.8000000e-001 -3.0458726e+001
  1.8100000e-001 -3.5453954e+001
  1.8200000e-001 -4.1543219e+001
  1.8300000e-001 -4.6861782e+001
  1.8400000e-001 -4.6789184e+001
  1.8500000e-001 -3.7848855e+001
  1.8600000e-001 -2.4242314e+001
  1.8700000e-001 -1.3597230e+001
  1.8800000e-001 -7.7784326e+000
  1.8900000e-001 -3.6541782e+000
  1.9000000e-001  3.1443743e+000
  1.9100000e-001  1.2328219e+001
  1.9200000e-001  2.1612740e+001
  1.9300000e-001  3.2377112e+001
  1.9400000e-001  4.4864902e+001
  1.9500000e-001  5.1949022e+001
  1.9600000e-001  4.9093697e+001
  1.9700000e-001  4.3607562e+001
  1.9800000e-001  4.3910438e+001
  1.9900000e-001  4.7843596e+001
  2.0000000e-001  4.7991709e+001
  2.0100000e-001  4.2800082e+001
  2.0200000e-001  3.6410066e+001
  2.0300000e-001  3.3171965e+001
  2.0400000e-001  3.7083092e+001
  2.0500000e-001  4.8075983e+001
  2.0600000e-001  5.7546383e+001
  2.0700000e-001  5.6842228e+001
  2.0800000e-001  4.7363887e+001
  2.0900000e-001  3.8868497e+001
  2.1000000e-001  3.9265503e+001
  2.1100000e-001  5.0244208e+001
  2.1200000e-001  6.4432280e+001
  2.1300000e-001  7.1696931e+001
  2.1400000e-001  6.9098173e+001
  2.1500000e-001  6.5311516e+001
  2.1600000e-001  6.7687697e+001
  2.1700000e-001  7.2767494e+001
  2.1800000e-001  7.2334307e+001
  2.1900000e-001  6.8393731e+001
  2.2000000e-001  7.1713066e+001
  2.2100000e-001  8.2235927e+001
  2.2200000e-001  8.5567512e+001
  2.2300000e-001  7.7438235e+001
  2.2400000e-001  6.7336304e+001
  2.2500000e-001  6.6438001e+001
  2.2600000e-001  7.6165388e+001
  2.2700000e-001  9.5323060e+001
  2.2800000e-001  1.0974003e+002
  2.2900000e-001  1.0425022e+002
  2.3000000e-001  8.6836173e+001
  2.3100000e-001  7.3504215e+001
  2.3200000e-001  6.5122111e+001
  2.3300000e-001  5.6964671e+001
  2.3400000e-001  5.0326755e+001
  2.3500000e-001  4.6118039e+001
  2.3600000e-001  4.1329674e+001
  2.3700000e-001  3.7322567e+001
  2.3800000e-001  3.6421553e+001
  2.3900000e-001  3.9145993e+001
  2.4000000e-001  4.5318079e+001
  2.4100000e-001  5.3407746e+001
  2.4200000e-001  5.8968352e+001
  2.4300000e-001  6.0015952e+001
  2.4400000e-001  5.7226296e+001
  2.4500000e-001  5.1026876e+001
  2.4600000e-001  4.1555810e+001
  2.4700000e-001  3.3493303e+001
  2.4800000e-001  3.1336993e+001
  2.4900000e-001  3.5727236e+001
  2.5000000e-001  4.2056818e+001
  2.5100000e-001  4.7551700e+001
  2.5200000e-001  5.0807679e+001
  2.5300000e-001  5.0403674e+001
  2.5400000e-001  4.8304415e+001
  2.5500000e-001  4.9405650e+001
  2.5600000e-001  5.7563275e+001
  2.5700000e-001  6.8611315e+001
  2.5800000e-001  7.4920121e+001
  2.5900000e-001  7.3146696e+001
  2.6000000e-001  6.7427169e+001
  2.6100000e-001  6.5329335e+001
  2.6200000e-001  6.7987178e+001
  2.6300000e-001  6.9553268e+001
  2.6400000e-001  6.6271920e+001
  2.6500000e-001  6.1688819e+001
  2.6600000e-001  5.8459719e+001
  2.6700000e-001  5.6055617e+001
  2.6800000e-001  5.5946843e+001
  2.6900000e-001  5.8015795e+001
  2.7000000e-001  5.7898194e+001
  2.7100000e-001  5.3093183e+001
  2.7200000e-001  4.6509681e+001
  2.7300000e-001  4.0428473e+001
  2.7400000e-001  3.5051497e+001
  2.7500000e-001  3.2623939e+001
  2.7600000e-001  3.3487425e+001
  2.7700000e-001  3.6091042e+001
  2.7800000e-001  3.7526742e+001
  2.7900000e-001  3.6148317e+001
  2.8000000e-001  3.3851292e+001
  2.8100000e-001  3.6120001e+001
  2.8200000e-001  4.5677083e+001
  2.8300000e-001  5.6987697e+001
  2.8400000e-001  6.3405094e+001
  2.8500000e-001  6.5320314e+001
  2.8600000e-001  6.4590879e+001
  2.8700000e-001  6.4277458e+001
  2.8800000e-001  6.7311278e+001
  2.8900000e-001  7.2466648e+001
  2.9000000e-001  7.3221996e+001
  2.9100000e-001  6.6763215e+001
  2.9200000e-001  5.6365332e+001
  2.9300000e-001  4.9182264e+001
  2.9400000e-001  4.7658890e+001
  2.9500000e-001  4.7497341e+001
  2.9600000e-001  4.5123132e+001
  2.9700000e-001  4.3832170e+001
  2.9800000e-001  4.7855706e+001
  2.9900000e-001  5.5110476e+001
  3.0000000e-001  6.1925201e+001
  3.0100000e-001  6.7329052e+001
  3.0200000e-001  7.2222778e+001
  3.0300000e-001  7.7701988e+001
  3.0400000e-001  8.3357803e+001
  3.0500000e-001  8.6221870e+001
  3.0600000e-001  8.5765680e+001
  3.0700000e-001  8.3429647e+001
  3.0800000e-001  8.1596201e+001
  3.0900000e-001  7.8661770e+001
  3.1000000e-001  7.3942198e+001
  3.1100000e-001  6.7548895e+001
  3.1200000e-001  6.0943109e+001
  3.1300000e-001  5.7856127e+001
  3.1400000e-001  6.2688165e+001
  3.1500000e-001  7.2473091e+001
  3.1600000e-001  8.0234613e+001
  3.1700000e-001  8.4198773e+001
  3.1800000e-001  8.6662129e+001
  3.1900000e-001  8.5668706e+001
  3.2000000e-001  7.9475682e+001
  3.2100000e-001  7.2489727e+001
  3.2200000e-001  6.8553156e+001
  3.2300000e-001  6.4299841e+001
  3.2400000e-001  5.7196213e+001
  3.2500000e-001  5.4264395e+001
  3.2600000e-001  5.9807809e+001
  3.2700000e-001  6.5836622e+001
  3.2800000e-001  6.6188645e+001
  3.2900000e-001  6.5438859e+001
  3.3000000e-001  6.7289398e+001
  3.3100000e-001  6.8391731e+001
  3.3200000e-001  6.6652629e+001
  3.3300000e-001  6.5583936e+001
  3.3400000e-001  6.8029639e+001
  3.3500000e-001  7.3007496e+001
  3.3600000e-001  7.6103861e+001
  3.3700000e-001  7.5932855e+001
  3.3800000e-001  7.5198151e+001
  3.3900000e-001  7.6369880e+001
  3.4000000e-001  7.7824171e+001
  3.4100000e-001  7.6660935e+001
  3.4200000e-001  7.3244683e+001
  3.4300000e-001  6.9315737e+001
  3.4400000e-001  6.6526218e+001
  3.4500000e-001  6.4050530e+001
  3.4600000e-001  6.2578951e+001
  3.4700000e-001  6.5020469e+001
  3.4800000e-001  7.1274935e+001
  3.4900000e-001  7.5708850e+001
  3.5000000e-001  7.5817134e+001
  3.5100000e-001  7.5359461e+001
  3.5200000e-001  7.6036348e+001
  3.5300000e-001  7.6029256e+001
  3.5400000e-001  7.6601945e+001
  3.5500000e-001  7.9924726e+001
  3.5600000e-001  8.2747117e+001
  3.5700000e-001  8.2886705e+001
  3.5800000e-001  8.1386803e+001
  3.5900000e-001  7.8154879e+001
  3.6000000e-001  7.2245644e+001
  3.6100000e-001  6.6055886e+001
  3.6200000e-001  6.0377495e+001
  3.6300000e-001  5.4387783e+001
  3.6400000e-001  5.2535253e+001
  3.6500000e-001  5.7732715e+001
  3.6600000e-001  6.3685598e+001
  3.6700000e-001  6.4686483e+001
  3.6800000e-001  6.1212459e+001
  3.6900000e-001  5.5586442e+001
  3.7000000e-001  4.7117561e+001
  3.7100000e-001  3.7762061e+001
  3.7200000e-001  3.2554666e+001
  3.7300000e-001  3.4116414e+001
  3.7400000e-001  4.1121761e+001
  3.7500000e-001  5.0572276e+001
  3.7600000e-001  5.7802775e+001
  3.7700000e-001  5.8051487e+001
  3.7800000e-001  5.3768699e+001
  3.7900000e-001  5.0086981e+001
  3.8000000e-001  4.7667593e+001
  3.8100000e-001  4.5750723e+001
  3.8200000e-001  4.5464829e+001
  3.8300000e-001  4.4497828e+001
  3.8400000e-001  3.8623082e+001
  3.8500000e-001  3.2192451e+001
  3.8600000e-001  3.0947902e+001
  3.8700000e-001  3.5941992e+001
  3.8800000e-001  4.3964325e+001
  3.8900000e-001  5.3185371e+001
  3.9000000e-001  5.7816247e+001
  3.9100000e-001  5.6818130e+001
  3.9200000e-001  5.4219757e+001
  3.9300000e-001  5.4076645e+001
  3.9400000e-001  5.4549380e+001
  3.9500000e-001  5.4179964e+001
  3.9600000e-001  5.4627970e+001
  3.9700000e-001  5.7534596e+001
  3.9800000e-001  5.9974078e+001
  3.9900000e-001  5.7733695e+001
  4.0000000e-001  5.3221692e+001
  4.0100000e-001  5.2497048e+001
  4.0200000e-001  5.5861113e+001
  4.0300000e-001  5.9640060e+001
  4.0400000e-001  6.4636879e+001
  4.0500000e-001  7.0875084e+001
  4.0600000e-001  7.1942335e+001
  4.0700000e-001  6.6674604e+001
  4.0800000e-001  6.1956161e+001
  4.0900000e-001  6.0438548e+001
  4.1000000e-001  5.7340269e+001
  4.1100000e-001  5.2168454e+001
  4.1200000e-001  4.9603773e+001
  4.1300000e-001  4.9434174e+001
  4.1400000e-001  4.8332495e+001
  4.1500000e-001  4.8343294e+001
  4.1600000e-001  5.2634995e+001
  4.1700000e-001  5.8624820e+001
  4.1800000e-001  6.2105808e+001
  4.1900000e-001  6.3610187e+001
  4.2000000e-001  6.3172480e+001
  4.2100000e-001  6.0329977e+001
  4.2200000e-001  5.6642588e+001
  4.2300000e-001  5.5593089e+001
  4.2400000e-001  5.6137528e+001
  4.2500000e-001  5.6991313e+001
  4.2600000e-001  5.8085060e+001
  4.2700000e-001  5.8987480e+001
  4.2800000e-001  5.9353632e+001
  4.2900000e-001  6.0499548e+001
  4.3000000e-001  6.1255813e+001
  4.3100000e-001  5.8584674e+001
  4.3200000e-001  5.3962192e+001
  4.3300000e-001  5.0489973e+001
  4.3400000e-001  4.8372946e+001
  4.3500000e-001  4.7375205e+001
  4.3600000e-001  4.8372140e+001
  4.3700000e-001  5.0421896e+001
  4.3800000e-001  5.1787566e+001
  4.3900000e-001  5.4209720e+001
  4.4000000e-001  5.7454737e+001
  4.4100000e-001  5.8832705e+001
  4.4200000e-001  5.8443306e+001
  4.4300000e-001  5.9311445e+001
  4.4400000e-001  6.0434572e+001
  4.4500000e-001  5.9880647e+001
  4.4600000e-001  5.9209994e+001
  4.4700000e-001  6.0633087e+001
  4.4800000e-001  6.3122385e+001
  4.4900000e-001  6.5832076e+001
  4.5000000e-001  6.9957317e+001
  4.5100000e-001  7.4984318e+001
  4.5200000e-001  7.6608213e+001
  4.5300000e-001  7.3920327e+001
  4.5400000e-001  6.9462689e+001
  4.5500000e-001  6.5698984e+001
  4.5600000e-001  6.3959959e+001
  4.5700000e-001  6.5844965e+001
  4.5800000e-001  7.0121208e+001
  4.5900000e-001  7.2810560e+001
  4.6000000e-001  7.1958339e+001
  4.6100000e-001  6.9543617e+001
  4.6200000e-001  6.7128836e+001
  4.6300000e-001  6.4031528e+001
  4.6400000e-001  6.0386991e+001
  4.6500000e-001  5.7875242e+001
  4.6600000e-001  5.7195948e+001
  4.6700000e-001  5.7838248e+001
  4.6800000e-001  5.8826877e+001
  4.6900000e-001  5.9514311e+001
  4.7000000e-001  6.1145694e+001
  4.7100000e-001  6.4911971e+001
  4.7200000e-001  7.0050164e+001
  4.7300000e-001  7.4945999e+001
  4.7400000e-001  7.7762584e+001
  4.7500000e-001  7.8183637e+001
  4.7600000e-001  7.7590096e+001
  4.7700000e-001  7.5240941e+001
  4.7800000e-001  6.9552250e+001
  4.7900000e-001  6.2788262e+001
  4.8000000e-001  5.8634337e+001
  4.8100000e-001  5.7440793e+001
  4.8200000e-001  5.9134596e+001
  4.8300000e-001  6.2614431e+001
  4.8400000e-001  6.3577465e+001
  4.8500000e-001  6.2414385e+001
  4.8600000e-001  3.4111084e+002
  4.8700000e-001  4.4274595e+002
  4.8800000e-001 -7.1826592e+002
  4.8900000e-001 -3.4003611e+003
  4.9000000e-001 -5.7360269e+003
  4.9100000e-001 -6.5650534e+003
  4.9200000e-001 -6.4921984e+003
  4.9300000e-001 -5.4558338e+003
  4.9400000e-001 -2.9174725e+003
  4.9500000e-001 -3.8477455e+002
  4.9600000e-001  4.7946806e+002
  4.9700000e-001  2.7355633e+002
  4.9800000e-001  5.5245979e+001
  4.9900000e-001  5.8861090e+001
  5.0000000e-001  5.8522147e+001
  5.0100000e-001  5.7195057e+001
  5.0200000e-001  5.4359167e+001
  5.0300000e-001  4.9268132e+001
  5.0400000e-001  4.3731935e+001
  5.0500000e-001  3.9316163e+001
  5.0600000e-001  3.5685416e+001
  5.0700000e-001  3.4147991e+001
  5.0800000e-001  3.5393255e+001
  5.0900000e-001  3.9552534e+001
  5.1000000e-001  4.6365112e+001
  5.1100000e-001  5.1042083e+001
  5.1200000e-001  4.8814705e+001
  5.1300000e-001  4.1194195e+001
  5.1400000e-001  3.4261224e+001
  5.1500000e-001  2.9455890e+001
  5.1600000e-001  2.6584485e+001
  5.1700000e-001  2.7847854e+001
  5.1800000e-001  3.1816517e+001
  5.1900000e-001  3.4034967e+001
  5.2000000e-001  3.5487328e+001
  5.2100000e-001  3.9998448e+001
  5.2200000e-001  4.6720915e+001
  5.2300000e-001  5.3746614e+001
  5.2400000e-001  6.1433074e+001
  5.2500000e-001  6.8050314e+001
  5.2600000e-001  7.0355896e+001
  5.2700000e-001  6.8812122e+001
  5.2800000e-001  6.5912024e+001
  5.2900000e-001  6.3107878e+001
  5.3000000e-001  6.0601534e+001
  5.3100000e-001  5.8945544e+001
  5.3200000e-001  5.6672719e+001
  5.3300000e-001  5.2092676e+001
  5.3400000e-001  4.5702167e+001
  5.3500000e-001  3.9483385e+001
  5.3600000e-001  3.4024115e+001
  5.3700000e-001  3.0860993e+001
  5.3800000e-001  3.2751287e+001
  5.3900000e-001  3.8921296e+001
  5.4000000e-001  4.5900169e+001
  5.4100000e-001  5.1636341e+001
  5.4200000e-001  5.6621269e+001
  5.4300000e-001  6.0831382e+001
  5.4400000e-001  6.3842408e+001
  5.4500000e-001  6.4093121e+001
  5.4600000e-001  5.8731636e+001
  5.4700000e-001  5.0309873e+001
  5.4800000e-001  4.5289729e+001
  5.4900000e-001  4.2390138e+001
  5.5000000e-001  3.5890696e+001
  5.5100000e-001  2.8016774e+001
  5.5200000e-001  2.3610160e+001
  5.5300000e-001  2.2647974e+001
  5.5400000e-001  2.4962124e+001
  5.5500000e-001  3.2839664e+001
  5.5600000e-001  4.4296612e+001
  5.5700000e-001  5.4172771e+001
  5.5800000e-001  5.7360507e+001
  5.5900000e-001  5.1688902e+001
  5.6000000e-001  4.2916719e+001
  5.6100000e-001  3.9442833e+001
  5.6200000e-001  4.0804464e+001
  5.6300000e-001  4.2645205e+001
  5.6400000e-001  4.6031576e+001
  5.6500000e-001  5.1523841e+001
  5.6600000e-001  5.5554292e+001
  5.6700000e-001  5.6439369e+001
  5.6800000e-001  5.6762597e+001
  5.6900000e-001  5.9298444e+001
  5.7000000e-001  6.1725980e+001
  5.7100000e-001  6.1316428e+001
  5.7200000e-001  6.1057242e+001
  5.7300000e-001  6.4279492e+001
  5.7400000e-001  6.8105371e+001
  5.7500000e-001  6.8310600e+001
  5.7600000e-001  6.3956349e+001
  5.7700000e-001  5.7019253e+001
  5.7800000e-001  5.1190889e+001
  5.7900000e-001  4.8805314e+001
  5.8000000e-001  4.8730837e+001
  5.8100000e-001  5.2220951e+001
  5.8200000e-001  6.1406115e+001
  5.8300000e-001  7.0351707e+001
  5.8400000e-001  7.2021299e+001
  5.8500000e-001  6.9571420e+001
  5.8600000e-001  6.6567392e+001
  5.8700000e-001  6.1043415e+001
  5.8800000e-001  5.3264592e+001
  5.8900000e-001  4.6838766e+001
  5.9000000e-001  4.2553168e+001
  5.9100000e-001  3.9698132e+001
  5.9200000e-001  3.7736634e+001
  5.9300000e-001  3.4820870e+001
  5.9400000e-001  2.9464024e+001
  5.9500000e-001  2.4446383e+001
  5.9600000e-001  2.2147242e+001
  5.9700000e-001  2.2792144e+001
  5.9800000e-001  2.3684820e+001
  5.9900000e-001  2.2636898e+001
  6.0000000e-001  2.1013694e+001
  6.0100000e-001  1.8339166e+001
  6.0200000e-001  1.5599144e+001
  6.0300000e-001  1.5936440e+001
  6.0400000e-001  1.7043749e+001
  6.0500000e-001  1.4445714e+001
  6.0600000e-001  1.3291286e+001
  6.0700000e-001  1.7718406e+001
  6.0800000e-001  2.2544442e+001
  6.0900000e-001  2.3744350e+001
  6.1000000e-001  2.3608257e+001
  6.1100000e-001  2.5314667e+001
  6.1200000e-001  2.8795705e+001
  6.1300000e-001  3.3470913e+001
  6.1400000e-001  3.8096600e+001
  6.1500000e-001  3.9828212e+001
  6.1600000e-001  3.9195821e+001
  6.1700000e-001  3.9477128e+001
  6.1800000e-001  4.2485419e+001
  6.1900000e-001  4.5964659e+001
  6.2000000e-001  4.6009999e+001
  6.2100000e-001  4.1035482e+001
  6.2200000e-001  3.5371491e+001
  6.2300000e-001  3.2994898e+001
  6.2400000e-001  3.2594223e+001
  6.2500000e-001  3.2136356e+001
  6.2600000e-001  3.3089736e+001
  6.2700000e-001  3.5632281e+001
  6.2800000e-001  3.8845113e+001
  6.2900000e-001  4.2885694e+001
  6.3000000e-001  4.7530054e+001
  6.3100000e-001  5.0443745e+001
  6.3200000e-001  5.0085385e+001
  6.3300000e-001  4.7630457e+001
  6.3400000e-001  4.6162838e+001
  6.3500000e-001  4.6362225e+001
  6.3600000e-001  4.6728327e+001
  6.3700000e-001  4.8594451e+001
  6.3800000e-001  5.5564462e+001
  6.3900000e-001  6.4482126e+001
  6.4000000e-001  6.6888418e+001
  6.4100000e-001  6.2333849e+001
  6.4200000e-001  5.9248777e+001
  6.4300000e-001  5.9948074e+001
  6.4400000e-001  5.8169265e+001
  6.4500000e-001  5.1416047e+001
  6.4600000e-001  4.4724210e+001
  6.4700000e-001  3.9920907e+001
  6.4800000e-001  3.5940997e+001
  6.4900000e-001  3.3021662e+001
  6.5000000e-001  3.1804503e+001
  6.5100000e-001  3.2764917e+001
  6.5200000e-001  3.5664146e+001
  6.5300000e-001  3.6926362e+001
  6.5400000e-001  3.4385002e+001
  6.5500000e-001  3.1527726e+001
  6.5600000e-001  2.9597002e+001
  6.5700000e-001  2.5878383e+001
  6.5800000e-001  2.2063988e+001
  6.5900000e-001  2.1313355e+001
  6.6000000e-001  2.2511667e+001
  6.6100000e-001  2.4004969e+001
  6.6200000e-001  2.7540709e+001
  6.6300000e-001  3.0869097e+001
  6.6400000e-001  2.9008325e+001
  6.6500000e-001  2.1725636e+001
  6.6600000e-001  1.6549067e+001
  6.6700000e-001  2.0403403e+001
  6.6800000e-001  3.0898731e+001
  6.6900000e-001  3.7748071e+001
  6.7000000e-001  3.8407356e+001
  6.7100000e-001  3.7793233e+001
  6.7200000e-001  3.7243008e+001
  6.7300000e-001  3.3250041e+001
  6.7400000e-001  2.9249768e+001
  6.7500000e-001  3.4126547e+001
  6.7600000e-001  4.9237186e+001
  6.7700000e-001  6.2401501e+001
  6.7800000e-001  6.3891240e+001
  6.7900000e-001  5.7288381e+001
  6.8000000e-001  5.1310698e+001
  6.8100000e-001  4.9690196e+001
  6.8200000e-001  4.9700074e+001
  6.8300000e-001  4.9834146e+001
  6.8400000e-001  5.0386316e+001
  6.8500000e-001  4.8314767e+001
  6.8600000e-001  3.9583563e+001
  6.8700000e-001  2.9246781e+001
  6.8800000e-001  2.4391722e+001
  6.8900000e-001  2.3277978e+001
  6.9000000e-001  2.0155569e+001
  6.9100000e-001  1.7828371e+001
  6.9200000e-001  2.0703329e+001
  6.9300000e-001  2.5525805e+001
  6.9400000e-001  2.8087338e+001
  6.9500000e-001  2.7673263e+001
  6.9600000e-001  2.6806043e+001
  6.9700000e-001  2.7879840e+001
  6.9800000e-001  2.8697704e+001
  6.9900000e-001  2.7575783e+001
  7.0000000e-001  2.9949330e+001
  7.0100000e-001  3.5994520e+001
  7.0200000e-001  3.9449095e+001
  7.0300000e-001  4.2621321e+001
  7.0400000e-001  5.1758744e+001
  7.0500000e-001  6.1735211e+001
  7.0600000e-001  6.4585921e+001
  7.0700000e-001  6.5617259e+001
  7.0800000e-001  7.0567909e+001
  7.0900000e-001  7.2194349e+001
  7.1000000e-001  6.6801068e+001
  7.1100000e-001  5.9506828e+001
  7.1200000e-001  4.9218245e+001
  7.1300000e-001  3.3238555e+001
  7.1400000e-001  2.2764081e+001
  7.1500000e-001  2.7338610e+001
  7.1600000e-001  3.9196038e+001
  7.1700000e-001  4.8245762e+001
  7.1800000e-001  5.5800866e+001
  7.1900000e-001  6.1558003e+001
  7.2000000e-001  5.8360362e+001
  7.2100000e-001  4.7944260e+001
  7.2200000e-001  4.1816831e+001
  7.2300000e-001  4.3828343e+001
  7.2400000e-001  4.7029051e+001
  7.2500000e-001  4.7780035e+001
  7.2600000e-001  4.8956284e+001
  7.2700000e-001  4.9206402e+001
  7.2800000e-001  4.3129731e+001
  7.2900000e-001  3.0807416e+001
  7.3000000e-001  1.7984797e+001
  7.3100000e-001  9.5081001e+000
  7.3200000e-001  1.0138576e+001
  7.3300000e-001  1.9054290e+001
  7.3400000e-001  3.0069894e+001
  7.3500000e-001  3.7845732e+001
  7.3600000e-001  4.1275701e+001
  7.3700000e-001  4.0412992e+001
  7.3800000e-001  4.0176042e+001
  7.3900000e-001  4.4460399e+001
  7.4000000e-001  5.0338106e+001
  7.4100000e-001  5.3531253e+001
  7.4200000e-001  5.2231333e+001
  7.4300000e-001  4.7893987e+001
  7.4400000e-001  4.6379983e+001
  7.4500000e-001  5.1957015e+001
  7.4600000e-001  6.2027302e+001
  7.4700000e-001  7.0098864e+001
  7.4800000e-001  7.2723182e+001
  7.4900000e-001  6.9957400e+001
  7.5000000e-001  6.4301985e+001
  7.5100000e-001  5.9312367e+001
  7.5200000e-001  5.8469342e+001
  7.5300000e-001  6.1829910e+001
  7.5400000e-001  6.3560095e+001
  7.5500000e-001  5.8530553e+001
  7.5600000e-001  5.0730855e+001
  7.5700000e-001  4.8580709e+001
  7.5800000e-001  5.0365839e+001
  7.5900000e-001  4.7819186e+001
  7.6000000e-001  4.0603422e+001
  7.6100000e-001  3.7642844e+001
  7.6200000e-001  4.2171994e+001
  7.6300000e-001  4.7852843e+001
  7.6400000e-001  4.8210865e+001
  7.6500000e-001  4.4955251e+001
  7.6600000e-001  4.3936987e+001
  7.6700000e-001  4.6574743e+001
  7.6800000e-001  5.0516058e+001
  7.6900000e-001  5.1861220e+001
  7.7000000e-001  4.8429290e+001
  7.7100000e-001  4.1776693e+001
  7.7200000e-001  3.6376202e+001
  7.7300000e-001  3.5610042e+001
  7.7400000e-001  3.9529810e+001
  7.7500000e-001  4.6350521e+001
  7.7600000e-001  5.3561302e+001
  7.7700000e-001  5.7497322e+001
  7.7800000e-001  5.9093022e+001
  7.7900000e-001  6.2836445e+001
  7.8000000e-001  7.0509690e+001
  7.8100000e-001  7.8705039e+001
  7.8200000e-001  8.2850482e+001
  7.8300000e-001  8.1319012e+001
  7.8400000e-001  7.5566236e+001
  7.8500000e-001  6.7996969e+001
  7.8600000e-001  5.9245325e+001
  7.8700000e-001  5.0889806e+001
  7.8800000e-001  4.6422810e+001
  7.8900000e-001  4.7113143e+001
  7.9000000e-001  5.2207416e+001
  7.9100000e-001  6.0536057e+001
  7.9200000e-001  6.7572980e+001
  7.9300000e-001  6.8050096e+001
  7.9400000e-001  6.5000604e+001
  7.9500000e-001  6.2200330e+001
  7.9600000e-001  5.9249255e+001
  7.9700000e-001  5.6578614e+001
  7.9800000e-001  5.5005589e+001
  7.9900000e-001  5.0990633e+001
  8.0000000e-001  4.3744981e+001
  8.0100000e-001  3.7816839e+001
  8.0200000e-001  3.5755390e+001
  8.0300000e-001  3.0364215e+001
  8.0400000e-001  1.8168515e+001
  8.0500000e-001  9.7288086e+000
  8.0600000e-001  1.4341860e+001
  8.0700000e-001  2.6779969e+001
  8.0800000e-001  3.6292189e+001
  8.0900000e-001  3.8057046e+001
  8.1000000e-001  3.3463651e+001
  8.1100000e-001  2.7059586e+001
  8.1200000e-001  2.4668129e+001
  8.1300000e-001  2.7807028e+001
  8.1400000e-001  3.3933733e+001
  8.1500000e-001  4.1129923e+001
  8.1600000e-001  4.6889390e+001
  8.1700000e-001  5.0487801e+001
  8.1800000e-001  5.4455756e+001
  8.1900000e-001  5.9338572e+001
  8.2000000e-001  5.8195252e+001
  8.2100000e-001  5.0806813e+001
  8.2200000e-001  4.4230763e+001
  8.2300000e-001  4.2890968e+001
  8.2400000e-001  4.2304698e+001
  8.2500000e-001  3.6551400e+001
  8.2600000e-001  2.4869460e+001
  8.2700000e-001  1.4501513e+001
  8.2800000e-001  1.4112662e+001
  8.2900000e-001  2.7086833e+001
  8.3000000e-001  4.4521901e+001
  8.3100000e-001  5.5870160e+001
  8.3200000e-001  5.7319899e+001
  8.3300000e-001  5.2271733e+001
  8.3400000e-001  4.8360621e+001
  8.3500000e-001  5.1032503e+001
  8.3600000e-001  5.5699384e+001
  8.3700000e-001  5.6139948e+001
  8.3800000e-001  5.4393984e+001
  8.3900000e-001  5.3985139e+001
  8.4000000e-001  5.1538372e+001
  8.4100000e-001  4.6391590e+001
  8.4200000e-001  4.5336580e+001
  8.4300000e-001  5.4489295e+001
  8.4400000e-001  6.7651277e+001
  8.4500000e-001  7.3406363e+001
  8.4600000e-001  7.0065336e+001
  8.4700000e-001  6.5917137e+001
  8.4800000e-001  6.3880651e+001
  8.4900000e-001  6.0733870e+001
  8.5000000e-001  5.3281092e+001
  8.5100000e-001  4.2608834e+001
  8.5200000e-001  3.4490744e+001
  8.5300000e-001  3.5795475e+001
  8.5400000e-001  4.5146265e+001
  8.5500000e-001  5.4861645e+001
  8.5600000e-001  5.9295101e+001
  8.5700000e-001  5.8463976e+001
  8.5800000e-001  5.6939166e+001
  8.5900000e-001  6.1327829e+001
  8.6000000e-001  7.1285729e+001
  8.6100000e-001  7.8034222e+001
  8.6200000e-001  7.7063270e+001
  8.6300000e-001  7.5170744e+001
  8.6400000e-001  7.8643848e+001
  8.6500000e-001  8.2804497e+001
  8.6600000e-001  8.2575596e+001
  8.6700000e-001  8.1942917e+001
  8.6800000e-001  8.1518211e+001
  8.6900000e-001  7.6304638e+001
  8.7000000e-001  6.7074264e+001
  8.7100000e-001  6.1679614e+001
  8.7200000e-001  6.1261625e+001
  8.7300000e-001  6.2002246e+001
  8.7400000e-001  6.4254015e+001
  8.7500000e-001  6.5785893e+001
  8.7600000e-001  5.6369817e+001
  8.7700000e-001  3.5981958e+001
  8.7800000e-001  1.9233046e+001
  8.7900000e-001  1.4411374e+001
  8.8000000e-001  1.7635537e+001
  8.8100000e-001  2.6932595e+001
  8.8200000e-001  4.2085903e+001
  8.8300000e-001  5.2995298e+001
  8.8400000e-001  4.8275701e+001
  8.8500000e-001  3.2146702e+001
  8.8600000e-001  1.8089388e+001
  8.8700000e-001  1.4021425e+001
  8.8800000e-001  1.5798046e+001
  8.8900000e-001  1.6371335e+001
  8.9000000e-001  1.5280896e+001
  8.9100000e-001  1.7146233e+001
  8.9200000e-001  2.2570843e+001
  8.9300000e-001  2.7396376e+001
  8.9400000e-001  2.7492571e+001
  8.9500000e-001  2.5390638e+001
  8.9600000e-001  2.6451651e+001
  8.9700000e-001  3.1694604e+001
  8.9800000e-001  3.7945009e+001
  8.9900000e-001  4.3282627e+001
  9.0000000e-001  4.4983218e+001
  9.0100000e-001  4.2309757e+001
  9.0200000e-001  3.8934248e+001
  9.0300000e-001  3.3723202e+001
  9.0400000e-001  2.2546677e+001
  9.0500000e-001  1.4987468e+001
  9.0600000e-001  1.9535429e+001
  9.0700000e-001  2.8633105e+001
  9.0800000e-001  3.3874073e+001
  9.0900000e-001  3.4759499e+001
  9.1000000e-001  2.9088762e+001
  9.1100000e-001  2.0451068e+001
  9.1200000e-001  1.5812824e+001
  9.1300000e-001  1.6685397e+001
  9.1400000e-001  2.0375150e+001
  9.1500000e-001  2.5267801e+001
  9.1600000e-001  2.5514579e+001
  9.1700000e-001  1.9408991e+001
  9.1800000e-001  1.6025530e+001
  9.1900000e-001  2.3125787e+001
  9.2000000e-001  3.3050839e+001
  9.2100000e-001  3.7274704e+001
  9.2200000e-001  3.7854354e+001
  9.2300000e-001  3.8317774e+001
  9.2400000e-001  3.7630912e+001
  9.2500000e-001  3.5940236e+001
  9.2600000e-001  3.5197868e+001
  9.2700000e-001  3.5352920e+001
  9.2800000e-001  3.5324038e+001
  9.2900000e-001  3.2628681e+001
  9.3000000e-001  2.5935977e+001
  9.3100000e-001  1.7936693e+001
  9.3200000e-001  1.0683325e+001
  9.3300000e-001  5.3343560e+000
  9.3400000e-001  6.8627002e+000
  9.3500000e-001  1.6016783e+001
  9.3600000e-001  2.5300356e+001
  9.3700000e-001  2.9732121e+001
  9.3800000e-001  3.1727810e+001
  9.3900000e-001  3.1522220e+001
  9.4000000e-001  3.0477899e+001
  9.4100000e-001  3.7532648e+001
  9.4200000e-001  5.0727899e+001
  9.4300000e-001  5.2097992e+001
  9.4400000e-001  3.8730604e+001
  9.4500000e-001  2.9523418e+001
  9.4600000e-001  3.0878519e+001
  9.4700000e-001  3.2769127e+001
  9.4800000e-001  3.5566274e+001
  9.4900000e-001  4.3671939e+001
  9.5000000e-001  5.0997563e+001
  9.5100000e-001  5.0896403e+001
  9.5200000e-001  4.5945952e+001
  9.5300000e-001  3.9111137e+001
  9.5400000e-001  2.9864714e+001
  9.5500000e-001  1.9303671e+001
  9.5600000e-001  1.3659859e+001
  9.5700000e-001  1.5180601e+001
  9.5800000e-001  1.8216691e+001
  9.5900000e-001  1.6629267e+001
  9.6000000e-001  1.3672184e+001
  9.6100000e-001  1.5706446e+001
  9.6200000e-001  1.9902387e+001
  9.6300000e-001  2.3886664e+001
  9.6400000e-001  3.3814951e+001
  9.6500000e-001  4.8921749e+001
  9.6600000e-001  5.7299294e+001
  9.6700000e-001  5.3805654e+001
  9.6800000e-001  4.3936972e+001
  9.6900000e-001  3.3789569e+001
  9.7000000e-001  2.7169862e+001
  9.7100000e-001  2.6705409e+001
  9.7200000e-001  3.2240844e+001
  9.7300000e-001  3.9504332e+001
  9.7400000e-001  4.5475642e+001
  9.7500000e-001  5.1633422e+001
  9.7600000e-001  5.7375330e+001
  9.7700000e-001  5.6431295e+001
  9.7800000e-001  4.7594195e+001
  9.7900000e-001  3.6281767e+001
  9.8000000e-001  2.6048321e+001
  9.8100000e-001  1.7461424e+001
  9.8200000e-001  1.0678259e+001
  9.8300000e-001  6.7258480e+000
  9.8400000e-001  8.1474018e+000
  9.8500000e-001  1.4925517e+001
  9.8600000e-001  2.0280992e+001
  9.8700000e-001  2.1683457e+001
  9.8800000e-001  2.4511371e+001
  9.8900000e-001  2.9099660e+001
  9.9000000e-001  2.5961197e+001
  9.9100000e-001  1.3945058e+001
  9.9200000e-001  4.0184141e+000
  9.9300000e-001  3.6896786e+000
  9.9400000e-001  8.0546619e+000
  9.9500000e-001  1.5039996e+001
  9.9600000e-001  2.4769021e+001
  9.9700000e-001  2.9299250e+001
  9.9800000e-001  1.9896145e+001
  9.9900000e-001  6.3565583e+000
  1.0000000e+000  4.2142172e+000
  1.0010000e+000  1.2453774e+001
  1.0020000e+000  1.7395084e+001
  1.0030000e+000  1.6357410e+001
  1.0040000e+000  1.5592176e+001
  1.0050000e+000  1.7400549e+001
  1.0060000e+000  1.6091168e+001
  1.0070000e+000  1.0908538e+001
  1.0080000e+000  8.6390208e+000
  1.0090000e+000  1.2785839e+001
  1.0100000e+000  1.7487255e+001
  1.0110000e+000  1.7762393e+001
  1.0120000e+000  1.2366960e+001
  1.0130000e+000  5.1972480e+000
  1.0140000e+000 -1.3800660e+000
  1.0150000e+000 -8.4295886e+000
  1.0160000e+000 -1.3232267e+001
  1.0170000e+000 -1.0254382e+001
  1.0180000e+000 -1.3958260e+000
  1.0190000e+000  9.3250182e+000
  1.0200000e+000  2.0497106e+001
  1.0210000e+000  3.1473728e+001
  1.0220000e+000  3.9470875e+001
  1.0230000e+000  3.9214066e+001
  1.0240000e+000  2.7659229e+001
  1.0250000e+000  1.2905589e+001
  1.0260000e+000  6.8897900e+000
  1.0270000e+000  5.4349942e+000
  1.0280000e+000  8.1948553e+000
  1.0290000e+000  2.7555418e+001
  1.0300000e+000  5.3627270e+001
  1.0310000e+000  5.2599619e+001
  1.0320000e+000  2.5697805e+001
  1.0330000e+000  2.6758434e+000
  1.0340000e+000 -6.4121853e+000
  1.0350000e+000 -7.0123946e+000
  1.0360000e+000  6.7181108e-001
  1.0370000e+000  1.0325107e+001
  1.0380000e+000  1.7627677e+001
  1.0390000e+000  2.5750035e+001
  1.0400000e+000  3.2063933e+001
  1.0410000e+000  3.2093759e+001
  1.0420000e+000  2.7349128e+001
  1.0430000e+000  2.1203581e+001
  1.0440000e+000  1.5690810e+001
  1.0450000e+000  9.3767867e+000
  1.0460000e+000  1.6864360e+000
  1.0470000e+000 -6.1739825e+000
  1.0480000e+000 -1.2128619e+001
  1.0490000e+000 -1.5374254e+001
  1.0500000e+000 -1.2531660e+001
  1.0510000e+000 -3.4726567e+000
  1.0520000e+000  6.6402571e+000
  1.0530000e+000  1.2129146e+001
  1.0540000e+000  1.4917634e+001
  1.0550000e+000  2.0659153e+001
  1.0560000e+000  2.9934984e+001
  1.0570000e+000  3.3838827e+001
  1.0580000e+000  2.8446480e+001
  1.0590000e+000  2.4435287e+001
  1.0600000e+000  2.6967905e+001
  1.0610000e+000  2.7178702e+001
  1.0620000e+000  1.8158776e+001
  1.0630000e+000  6.1666794e+000
  1.0640000e+000 -1.7640769e+000
  1.0650000e+000 -5.2993011e+000
  1.0660000e+000 -6.8006186e+000
  1.0670000e+000 -6.7810344e+000
  1.0680000e+000 -6.0867431e+000
  1.0690000e+000 -2.4580587e+000
  1.0700000e+000  6.3508040e+000
  1.0710000e+000  1.2861267e+001
  1.0720000e+000  1.2371399e+001
  1.0730000e+000  1.0285501e+001
  1.0740000e+000  9.1774323e+000
  1.0750000e+000  4.7002899e+000
  1.0760000e+000  7.6976368e-001
  1.0770000e+000  1.9924930e+000
  1.0780000e+000  4.8352777e+000
  1.0790000e+000  5.1100025e+000
  1.0800000e+000  6.9461359e+000
  1.0810000e+000  1.5918431e+001
  1.0820000e+000  2.6641747e+001
  1.0830000e+000  2.6035448e+001
  1.0840000e+000  1.5269845e+001
  1.0850000e+000  8.8488952e+000
  1.0860000e+000  8.6160160e+000
  1.0870000e+000  4.1562282e+000
  1.0880000e+000 -4.6501685e+000
  1.0890000e+000 -7.1830760e+000
  1.0900000e+000 -3.0227250e+000
  1.0910000e+000 -1.6579574e+000
  1.0920000e+000 -1.8391133e+000
  1.0930000e+000  4.0470056e+000
  1.0940000e+000  1.0068215e+001
  1.0950000e+000  7.1194809e+000
  1.0960000e+000  6.1306653e-001
  1.0970000e+000 -6.1141813e-001
  1.0980000e+000  9.2135838e-001
  1.0990000e+000  1.1314276e+000
  1.1000000e+000  7.9910256e-001
  1.1010000e+000  3.2039747e+000
  1.1020000e+000  9.8897294e+000
  1.1030000e+000  1.6645863e+001
  1.1040000e+000  1.7004744e+001
  1.1050000e+000  1.5688027e+001
  1.1060000e+000  1.9253401e+001
  1.1070000e+000  2.1953111e+001
  1.1080000e+000  1.8385959e+001
  1.1090000e+000  1.1468163e+001
  1.1100000e+000  2.2420838e+000
  1.1110000e+000 -1.0194920e+001
  1.1120000e+000 -1.9349480e+001
  1.1130000e+000 -1.8985925e+001
  1.1140000e+000 -1.1938175e+001
  1.1150000e+000 -2.8187814e+000
  1.1160000e+000  6.1828982e+000
  1.1170000e+000  1.0322001e+001
  1.1180000e+000  8.7554121e+000
  1.1190000e+000  9.1423547e+000
  1.1200000e+000  1.0399734e+001
  1.1210000e+000  5.4845303e+000
  1.1220000e+000 -2.2611806e+000
  1.1230000e+000 -7.9019639e+000
  1.1240000e+000 -1.3052375e+001
  1.1250000e+000 -1.5694835e+001
  1.1260000e+000 -1.5132785e+001
  1.1270000e+000 -1.5445984e+001
  1.1280000e+000 -1.6778874e+001
  1.1290000e+000 -1.6116407e+001
  1.1300000e+000 -1.4338125e+001
  1.1310000e+000 -1.3073916e+001
  1.1320000e+000 -1.1274192e+001
  1.1330000e+000 -5.2589324e+000
  1.1340000e+000  3.4779227e+000
  1.1350000e+000  8.6994006e+000
  1.1360000e+000  9.6169477e+000
  1.1370000e+000  1.0055549e+001
  1.1380000e+000  8.6462183e+000
  1.1390000e+000  5.2226383e+000
  1.1400000e+000  3.6058807e+000
  1.1410000e+000  8.8945376e+000
  1.1420000e+000  2.0475552e+001
  1.1430000e+000  2.9201023e+001
  1.1440000e+000  2.8618637e+001
  1.1450000e+000  2.3273185e+001
  1.1460000e+000  1.7407696e+001
  1.1470000e+000  1.1410098e+001
  1.1480000e+000  6.7170226e+000
  1.1490000e+000  1.9038038e+000
  1.1500000e+000 -3.9939448e+000
  1.1510000e+000 -4.7849464e+000
  1.1520000e+000  3.7240890e+000
  1.1530000e+000  1.3205746e+001
  1.1540000e+000  1.5577882e+001
  1.1550000e+000  1.3379738e+001
  1.1560000e+000  1.2759998e+001
  1.1570000e+000  1.2306507e+001
  1.1580000e+000  5.6832941e+000
  1.1590000e+000 -8.9764952e+000
  1.1600000e+000 -2.7732627e+001
  1.1610000e+000 -4.1772202e+001
  1.1620000e+000 -4.0968888e+001
  1.1630000e+000 -2.6609942e+001
  1.1640000e+000 -1.1970685e+001
  1.1650000e+000 -3.5985862e+000
  1.1660000e+000  9.0853644e-001
  1.1670000e+000  2.7994923e+000
  1.1680000e+000  4.3085806e+000
  1.1690000e+000  9.0108780e+000
  1.1700000e+000  1.3342872e+001
  1.1710000e+000  1.0979517e+001
  1.1720000e+000  6.7660024e+000
  1.1730000e+000  9.2144800e+000
  1.1740000e+000  1.5265194e+001
  1.1750000e+000  1.7277865e+001
  1.1760000e+000  1.5513272e+001
  1.1770000e+000  1.1592640e+001
  1.1780000e+000  7.7811515e+000
  1.1790000e+000  9.5183269e+000
  1.1800000e+000  1.5522644e+001
  1.1810000e+000  1.7551434e+001
  1.1820000e+000  1.3971516e+001
  1.1830000e+000  1.0701840e+001
  1.1840000e+000  1.1757003e+001
  1.1850000e+000  1.3658104e+001
  1.1860000e+000  8.5250753e+000
  1.1870000e+000 -2.7388743e+000
  1.1880000e+000 -9.8596497e+000
  1.1890000e+000 -8.5238123e+000
  1.1900000e+000 -6.2942695e+000
  1.1910000e+000 -7.9751144e+000
  1.1920000e+000 -9.6883649e+000
  1.1930000e+000 -7.5909851e+000
  1.1940000e+000 -4.0504239e+000
  1.1950000e+000 -2.4236528e+000
  1.1960000e+000  3.5211556e-001
  1.1970000e+000  6.8142251e+000
  1.1980000e+000  1.0675176e+001
  1.1990000e+000  6.4397231e+000
  1.2000000e+000 -1.0992948e+000
  1.2010000e+000 -5.7718421e+000
  1.2020000e+000 -4.5365549e+000
  1.2030000e+000  3.2383896e+000
  1.2040000e+000  1.0779290e+001
  1.2050000e+000  9.1176435e+000
  1.2060000e+000 -1.6610944e+000
  1.2070000e+000 -1.3248770e+001
  1.2080000e+000 -1.9647663e+001
  1.2090000e+000 -1.8272212e+001
  1.2100000e+000 -1.0288256e+001
  1.2110000e+000  1.4087170e+000
  1.2120000e+000  9.9535645e+000
  1.2130000e+000  1.0518635e+001
  1.2140000e+000  6.4865756e+000
  1.2150000e+000  4.0599786e+000
  1.2160000e+000  1.9846310e+000
  1.2170000e+000  2.9256071e+000
  1.2180000e+000  8.5055001e+000
  1.2190000e+000  1.0169199e+001
  1.2200000e+000  3.5136695e+000
  1.2210000e+000 -1.9380128e+000
  1.2220000e+000 -2.1633084e+000
  1.2230000e+000  1.2417473e+000
  1.2240000e+000  6.0050105e+000
  1.2250000e+000  6.9786781e+000
  1.2260000e+000  1.6942807e+000
  1.2270000e+000 -5.4954849e+000
  1.2280000e+000 -1.1176597e+001
  1.2290000e+000 -1.1737911e+001
  1.2300000e+000 -4.0680509e+000
  1.2310000e+000  5.3747310e+000
  1.2320000e+000  7.5448388e+000
  1.2330000e+000  2.0360621e+000
  1.2340000e+000 -3.6242077e+000
  1.2350000e+000 -3.4115846e+000
  1.2360000e+000  4.6170240e+000
  1.2370000e+000  1.6123887e+001
  1.2380000e+000  2.4602300e+001
  1.2390000e+000  2.4910621e+001
  1.2400000e+000  1.6854464e+001
  1.2410000e+000  4.9968891e+000
  1.2420000e+000 -4.7670584e+000
  1.2430000e+000 -1.1183231e+001
  1.2440000e+000 -1.2766325e+001
  1.2450000e+000 -1.0609809e+001
  1.2460000e+000 -1.0298849e+001
  1.2470000e+000 -1.4345202e+001
  1.2480000e+000 -1.9035501e+001
  1.2490000e+000 -2.1502776e+001
  1.2500000e+000 -1.9534977e+001
  1.2510000e+000 -1.4506253e+001
  1.2520000e+000 -1.0132792e+001
  1.2530000e+000 -8.5360007e+000
  1.2540000e+000 -1.0500093e+001
  1.2550000e+000 -1.5219301e+001
  1.2560000e+000 -1.8911285e+001
  1.2570000e+000 -1.9193824e+001
  1.2580000e+000 -1.5981285e+001
  1.2590000e+000 -8.7832747e+000
  1.2600000e+000  6.9952706e-001
  1.2610000e+000  7.6172477e+000
  1.2620000e+000  1.0193945e+001
  1.2630000e+000  1.2497735e+001
  1.2640000e+000  1.5434327e+001
  1.2650000e+000  1.6377856e+001
  1.2660000e+000  1.5832045e+001
  1.2670000e+000  1.6593074e+001
  1.2680000e+000  1.5353734e+001
  1.2690000e+000  1.0699276e+001
  1.2700000e+000  5.2809582e+000
  1.2710000e+000  3.1904579e-002
  1.2720000e+000 -7.3990363e+000
  1.2730000e+000 -1.4524510e+001
  1.2740000e+000 -1.8473746e+001
  1.2750000e+000 -2.0333834e+001
  1.2760000e+000 -2.2008587e+001
  1.2770000e+000 -2.0613162e+001
  1.2780000e+000 -1.8099525e+001
  1.2790000e+000 -1.9864986e+001
  1.2800000e+000 -2.3794718e+001
  1.2810000e+000 -2.3659771e+001
  1.2820000e+000 -2.1179849e+001
  1.2830000e+000 -1.7292837e+001
  1.2840000e+000 -1.0345936e+001
  1.2850000e+000 -3.6392782e+000
  1.2860000e+000 -9.0424692e-001
  1.2870000e+000  6.5673320e-001
  1.2880000e+000  3.0368742e+000
  1.2890000e+000  4.1221431e+000
  1.2900000e+000  4.0980977e+000
  1.2910000e+000  6.1442911e+000
  1.2920000e+000  1.0392577e+001
  1.2930000e+000  1.3371405e+001
  1.2940000e+000  1.3708432e+001
  1.2950000e+000  1.2957705e+001
  1.2960000e+000  1.2978665e+001
  1.2970000e+000  1.2529667e+001
  1.2980000e+000  1.0413936e+001
  1.2990000e+000  6.8802912e+000
  1.3000000e+000  6.3884245e-001
  1.3010000e+000 -8.6540766e+000
  1.3020000e+000 -1.5533836e+001
  1.3030000e+000 -1.7056560e+001
  1.3040000e+000 -1.7231723e+001
  1.3050000e+000 -1.6311372e+001
  1.3060000e+000 -1.3419367e+001
  1.3070000e+000 -1.2675909e+001
  1.3080000e+000 -1.3830633e+001
  1.3090000e+000 -1.2392690e+001
  1.3100000e+000 -1.2195753e+001
  1.3110000e+000 -1.4917236e+001
  1.3120000e+000 -1.3790193e+001
  1.3130000e+000 -9.4139803e+000
  1.3140000e+000 -7.4319521e+000
  1.3150000e+000 -4.5032718e+000
  1.3160000e+000  1.4985569e+000
  1.3170000e+000  5.7264454e+000
  1.3180000e+000  8.3923664e+000
  1.3190000e+000  1.3670070e+001
  1.3200000e+000  1.9117249e+001
  1.3210000e+000  2.2355448e+001
  1.3220000e+000  2.4322829e+001
  1.3230000e+000  2.4270756e+001
  1.3240000e+000  2.2693987e+001
  1.3250000e+000  1.9419673e+001
  1.3260000e+000  1.1509727e+001
  1.3270000e+000  2.3875657e-001
  1.3280000e+000 -8.8378175e+000
  1.3290000e+000 -1.2853199e+001
  1.3300000e+000 -1.2609512e+001
  1.3310000e+000 -9.1814016e+000
  1.3320000e+000 -4.6656041e+000
  1.3330000e+000 -1.5218658e+000
  1.3340000e+000  4.1301028e-001
  1.3350000e+000  3.4631048e+000
  1.3360000e+000  4.9724118e+000
  1.3370000e+000  2.0038568e+000
  1.3380000e+000 -2.3946430e+000
  1.3390000e+000 -4.7710808e+000
  1.3400000e+000 -7.0273899e+000
  1.3410000e+000 -7.0907590e+000
  1.3420000e+000 -9.9126597e-001
  1.3430000e+000  7.7829278e+000
  1.3440000e+000  1.4597397e+001
  1.3450000e+000  2.0815160e+001
  1.3460000e+000  2.4548728e+001
  1.3470000e+000  2.2247849e+001
  1.3480000e+000  1.5996646e+001
  1.3490000e+000  1.1213776e+001
  1.3500000e+000  8.8808927e+000
  1.3510000e+000  5.4023646e+000
  1.3520000e+000 -6.4885872e-001
  1.3530000e+000 -5.2874162e+000
  1.3540000e+000 -8.8688680e+000
  1.3550000e+000 -1.3077018e+001
  1.3560000e+000 -1.4946680e+001
  1.3570000e+000 -1.0786738e+001
  1.3580000e+000 -4.5030770e+000
  1.3590000e+000 -7.0162903e-001
  1.3600000e+000  6.6044444e-002
  1.3610000e+000 -9.8502137e-002
  1.3620000e+000 -1.2202531e+000
  1.3630000e+000 -2.8521005e+000
  1.3640000e+000  1.9590185e-001
  1.3650000e+000  8.5920661e+000
  1.3660000e+000  1.5327806e+001
  1.3670000e+000  1.8015526e+001
  1.3680000e+000  1.9394029e+001
  1.3690000e+000  1.9508666e+001
  1.3700000e+000  2.1789865e+001
  1.3710000e+000  2.7601881e+001
  1.3720000e+000  2.9782621e+001
  1.3730000e+000  2.4699153e+001
  1.3740000e+000  1.3673216e+001
  1.3750000e+000 -3.2964059e-002
  1.3760000e+000 -8.6665262e+000
  1.3770000e+000 -1.0370781e+001
  1.3780000e+000 -5.2138843e+000
  1.3790000e+000  7.4075850e+000
  1.3800000e+000  2.0552032e+001
  1.3810000e+000  2.6789180e+001
  1.3820000e+000  2.9851390e+001
  1.3830000e+000  3.1601980e+001
  1.3840000e+000  2.9138269e+001
  1.3850000e+000  2.3966842e+001
  1.3860000e+000  2.0801231e+001
  1.3870000e+000  2.1487947e+001
  1.3880000e+000  2.5671442e+001
  1.3890000e+000  3.1640590e+001
  1.3900000e+000  3.6841668e+001
  1.3910000e+000  3.6187322e+001
  1.3920000e+000  2.5926066e+001
  1.3930000e+000  1.5365990e+001
  1.3940000e+000  1.5408774e+001
  1.3950000e+000  1.7573342e+001
  1.3960000e+000  1.2186324e+001
  1.3970000e+000  4.7543204e+000
  1.3980000e+000 -2.3982054e+000
  1.3990000e+000 -8.2966936e+000
  1.4000000e+000 -4.9895758e+000
  1.4010000e+000  6.4801226e+000
  1.4020000e+000  1.5441811e+001
  1.4030000e+000  1.6900459e+001
  1.4040000e+000  1.3582712e+001
  1.4050000e+000  1.1918217e+001
  1.4060000e+000  1.5177783e+001
  1.4070000e+000  1.9179783e+001
  1.4080000e+000  2.1083216e+001
  1.4090000e+000  2.3438128e+001
  1.4100000e+000  2.6529544e+001
  1.4110000e+000  2.7733292e+001
  1.4120000e+000  2.4737798e+001
  1.4130000e+000  1.8557704e+001
  1.4140000e+000  1.6765820e+001
  1.4150000e+000  1.9377449e+001
  1.4160000e+000  1.9971295e+001
  1.4170000e+000  1.7645492e+001
  1.4180000e+000  1.0350888e+001
  1.4190000e+000 -2.0077310e+000
  1.4200000e+000 -8.6737865e+000
  1.4210000e+000 -4.7060413e+000
  1.4220000e+000  6.0835883e+000
  1.4230000e+000  1.6776477e+001
  1.4240000e+000  2.0726350e+001
  1.4250000e+000  2.2000304e+001
  1.4260000e+000  2.6114042e+001
  1.4270000e+000  2.9462247e+001
  1.4280000e+000  3.2378801e+001
  1.4290000e+000  3.6224447e+001
  1.4300000e+000  3.6416804e+001
  1.4310000e+000  3.3174134e+001
  1.4320000e+000  2.8499464e+001
  1.4330000e+000  1.9066013e+001
  1.4340000e+000  6.2663665e+000
  1.4350000e+000  6.7012307e-002
  1.4360000e+000  3.8208646e+000
  1.4370000e+000  1.3346341e+001
  1.4380000e+000  2.3472500e+001
  1.4390000e+000  2.4260055e+001
  1.4400000e+000  1.6606834e+001
  1.4410000e+000  1.5971957e+001
  1.4420000e+000  2.1714970e+001
  1.4430000e+000  2.0388603e+001
  1.4440000e+000  1.4152991e+001
  1.4450000e+000  1.4294132e+001
  1.4460000e+000  2.0839796e+001
  1.4470000e+000  2.3522704e+001
  1.4480000e+000  1.9463317e+001
  1.4490000e+000  1.7802082e+001
  1.4500000e+000  2.4958926e+001
  1.4510000e+000  3.7279107e+001
  1.4520000e+000  4.8165188e+001
  1.4530000e+000  5.1194793e+001
  1.4540000e+000  4.5338939e+001
  1.4550000e+000  3.8793113e+001
  1.4560000e+000  3.9248895e+001
  1.4570000e+000  4.2739493e+001
  1.4580000e+000  3.9733969e+001
  1.4590000e+000  3.0179516e+001
  1.4600000e+000  1.8969574e+001
  1.4610000e+000  1.1575872e+001
  1.4620000e+000  1.5137064e+001
  1.4630000e+000  2.5787297e+001
  1.4640000e+000  3.3598520e+001
  1.4650000e+000  4.1713433e+001
  1.4660000e+000  5.1817359e+001
  1.4670000e+000  5.6035984e+001
  1.4680000e+000  5.4548597e+001
  1.4690000e+000  5.4798146e+001
  1.4700000e+000  6.1900363e+001
  1.4710000e+000  7.6976670e+001
  1.4720000e+000  8.9066579e+001
  1.4730000e+000  8.4007643e+001
  1.4740000e+000  6.8817151e+001
  1.4750000e+000  6.4242561e+001
  1.4760000e+000  7.6751203e+001
  1.4770000e+000  9.3199365e+001
  1.4780000e+000  9.8593955e+001
  1.4790000e+000  9.7932464e+001
  1.4800000e+000  1.0700312e+002
  1.4810000e+000  1.2412359e+002
  1.4820000e+000  1.3619650e+002
  1.4830000e+000  1.4371379e+002
  1.4840000e+000  1.5691063e+002
  1.4850000e+000  1.7503508e+002
  1.4860000e+000  1.9044821e+002
  1.4870000e+000  2.0044557e+002
  1.4880000e+000  2.0749639e+002
  1.4890000e+000  2.1495553e+002
  1.4900000e+000  2.2676665e+002
  1.4910000e+000  2.4171100e+002
  1.4920000e+000  2.5315309e+002
  1.4930000e+000  2.5552325e+002
  1.4940000e+000  2.4705426e+002
  1.4950000e+000  2.4346498e+002
  1.4960000e+000  2.7033784e+002
  1.4970000e+000  3.0530981e+002
  1.4980000e+000  2.9241885e+002
  1.4990000e+000  2.4147602e+002
  1.5000000e+000  1.9965220e+002
  1.5010000e+000  1.7844596e+002
  1.5020000e+000  1.7228295e+002
  1.5030000e+000  1.6645686e+002
  1.5040000e+000  1.4993500e+002
  1.5050000e+000  1.3478101e+002
  1.5060000e+000  1.2908411e+002
  1.5070000e+000  1.2163642e+002
  1.5080000e+000  1.0541350e+002
  1.5090000e+000  8.6739359e+001
  1.5100000e+000  7.3502100e+001
  1.5110000e+000  6.4722737e+001
  1.5120000e+000  5.8169403e+001
  1.5130000e+000  5.5247408e+001
  1.5140000e+000  5.1526794e+001
  1.5150000e+000  4.1674391e+001
  1.5160000e+000  3.0483255e+001
  1.5170000e+000  2.5368305e+001
  1.5180000e+000  2.5723599e+001
  1.5190000e+000  2.5920438e+001
  1.5200000e+000  2.1590897e+001
  1.5210000e+000  1.4199132e+001
  1.5220000e+000  9.6156759e+000
  1.5230000e+000  1.5338557e+001
  1.5240000e+000  3.1619077e+001
  1.5250000e+000  4.5607559e+001
  1.5260000e+000  4.7115967e+001
  1.5270000e+000  3.8192689e+001
  1.5280000e+000  2.7673941e+001
  1.5290000e+000  1.8030579e+001
  1.5300000e+000  8.4658670e+000
  1.5310000e+000  4.6096602e+000
  1.5320000e+000  9.4152763e+000
  1.5330000e+000  9.6687419e+000
  1.5340000e+000  9.4256508e-002
  1.5350000e+000 -5.8235406e+000
  1.5360000e+000 -2.0202727e+000
  1.5370000e+000  4.7498803e+000
  1.5380000e+000  9.9593056e+000
  1.5390000e+000  1.1802770e+001
  1.5400000e+000  1.0826082e+001
  1.5410000e+000  1.3909152e+001
  1.5420000e+000  2.3221459e+001
  1.5430000e+000  3.0345601e+001
  1.5440000e+000  2.6702939e+001
  1.5450000e+000  1.2950126e+001
  1.5460000e+000 -4.7993799e+000
  1.5470000e+000 -1.7086867e+001
  1.5480000e+000 -1.9665444e+001
  1.5490000e+000 -1.6160768e+001
  1.5500000e+000 -8.7873361e+000
  1.5510000e+000 -2.3012175e+000
  1.5520000e+000  1.9646614e+000
  1.5530000e+000  5.2176789e+000
  1.5540000e+000  5.9026958e+000
  1.5550000e+000  7.3081750e+000
  1.5560000e+000  9.8573987e+000
  1.5570000e+000  7.4334496e+000
  1.5580000e+000  1.3469921e+000
  1.5590000e+000 -4.4323430e+000
  1.5600000e+000 -9.0816624e+000
  1.5610000e+000 -1.0157115e+001
  1.5620000e+000 -7.6243977e+000
  1.5630000e+000 -3.0240180e+000
  1.5640000e+000  2.4108084e+000
  1.5650000e+000  8.2982126e+000
  1.5660000e+000  1.3685240e+001
  1.5670000e+000  1.4340714e+001
  1.5680000e+000  1.0752488e+001
  1.5690000e+000  8.2172671e+000
  1.5700000e+000  5.9377917e+000
  1.5710000e+000  4.0465828e+000
  1.5720000e+000  5.2922518e+000
  1.5730000e+000  3.0750573e+000
  1.5740000e+000 -1.7452182e+000
  1.5750000e+000  1.5664397e+000
  1.5760000e+000  6.9753427e+000
  1.5770000e+000  4.7828156e+000
  1.5780000e+000 -2.4219443e+000
  1.5790000e+000 -9.0852930e+000
  1.5800000e+000 -1.2471502e+001
  1.5810000e+000 -9.8782011e+000
  1.5820000e+000  4.8548804e-001
  1.5830000e+000  1.3653312e+001
  1.5840000e+000  2.1250706e+001
  1.5850000e+000  2.1973496e+001
  1.5860000e+000  1.8343592e+001
  1.5870000e+000  1.1010985e+001
  1.5880000e+000  4.3249081e+000
  1.5890000e+000  3.3004993e+000
  1.5900000e+000  5.2600637e+000
  1.5910000e+000  4.7302209e+000
  1.5920000e+000  1.4441024e+000
  1.5930000e+000 -5.2981975e+000
  1.5940000e+000 -1.5723074e+001
  1.5950000e+000 -2.5294569e+001
  1.5960000e+000 -3.1331886e+001
  1.5970000e+000 -3.6376929e+001
  1.5980000e+000 -3.9646727e+001
  1.5990000e+000 -3.4474260e+001
  1.6000000e+000 -2.1349809e+001
  1.6010000e+000 -6.2329066e+000
  1.6020000e+000  8.4841041e+000
  1.6030000e+000  1.5196600e+001
  1.6040000e+000  1.0325601e+001
  1.6050000e+000  2.4959575e+000
  1.6060000e+000 -1.6462826e+000
  1.6070000e+000  2.5849649e-001
  1.6080000e+000  6.9583657e+000
  1.6090000e+000  1.2964897e+001
  1.6100000e+000  1.4841293e+001
  1.6110000e+000  1.2762713e+001
  1.6120000e+000  6.7553088e+000
  1.6130000e+000 -1.6053908e+000
  1.6140000e+000 -5.8284618e+000
  1.6150000e+000 -3.3659976e+000
  1.6160000e+000  1.4006267e+000
  1.6170000e+000  6.4785859e+000
  1.6180000e+000  9.4632062e+000
  1.6190000e+000  8.6560557e+000
  1.6200000e+000  7.7194770e+000
  1.6210000e+000  8.2482034e+000
  1.6220000e+000  6.1456549e+000
  1.6230000e+000  2.0609402e+000
  1.6240000e+000  7.3779169e-001
  1.6250000e+000  1.1971838e+000
  1.6260000e+000 -2.0078207e-002
  1.6270000e+000 -3.7700994e+000
  1.6280000e+000 -1.2263724e+001
  1.6290000e+000 -2.3194194e+001
  1.6300000e+000 -2.6426716e+001
  1.6310000e+000 -2.0827095e+001
  1.6320000e+000 -1.0794044e+001
  1.6330000e+000  3.5979338e+000
  1.6340000e+000  1.6223812e+001
  1.6350000e+000  1.5847480e+001
  1.6360000e+000  5.0962117e+000
  1.6370000e+000 -2.7325038e+000
  1.6380000e+000 -3.6399899e+000
  1.6390000e+000 -1.9890435e+000
  1.6400000e+000 -2.9585671e+000
  1.6410000e+000 -5.8705882e+000
  1.6420000e+000 -7.8350255e+000
  1.6430000e+000 -8.5538461e+000
  1.6440000e+000 -4.7308823e+000
  1.6450000e+000  4.0291747e+000
  1.6460000e+000  6.5779108e+000
  1.6470000e+000 -1.3103174e-001
  1.6480000e+000 -3.1051329e+000
  1.6490000e+000  1.3229815e+000
  1.6500000e+000  3.0410625e+000
  1.6510000e+000  9.1528299e-001
  1.6520000e+000 -1.3905651e+000
  1.6530000e+000 -5.6374373e+000
  1.6540000e+000 -7.1445654e+000
  1.6550000e+000 -5.7515467e+000
  1.6560000e+000 -9.2574808e+000
  1.6570000e+000 -1.3270039e+001
  1.6580000e+000 -1.0293935e+001
  1.6590000e+000 -4.8724480e+000
  1.6600000e+000 -5.8326830e+000
  1.6610000e+000 -8.5380997e+000
  1.6620000e+000 -1.7832293e+000
  1.6630000e+000  7.5199212e+000
  1.6640000e+000  1.0135781e+001
  1.6650000e+000  1.1199579e+001
  1.6660000e+000  8.1917463e+000
  1.6670000e+000 -2.1555115e-001
  1.6680000e+000  2.8711104e+000
  1.6690000e+000  1.7541825e+001
  1.6700000e+000  2.8658422e+001
  1.6710000e+000  3.7649832e+001
  1.6720000e+000  4.3501676e+001
  1.6730000e+000  3.3803442e+001
  1.6740000e+000  1.5504677e+001
  1.6750000e+000  9.2113931e+000
  1.6760000e+000  1.6793734e+001
  1.6770000e+000  2.4136096e+001
  1.6780000e+000  2.3250093e+001
  1.6790000e+000  1.7049030e+001
  1.6800000e+000  1.0078692e+001
  1.6810000e+000  2.2655302e+000
  1.6820000e+000 -5.8127764e+000
  1.6830000e+000 -6.7397555e+000
  1.6840000e+000  2.1013711e+000
  1.6850000e+000  9.1040199e+000
  1.6860000e+000  2.6672482e+000
  1.6870000e+000 -9.3464499e+000
  1.6880000e+000 -9.8797382e+000
  1.6890000e+000 -2.8790407e+000
  1.6900000e+000 -1.9486122e+000
  1.6910000e+000 -4.7506597e+000
  1.6920000e+000 -5.7030428e+000
  1.6930000e+000 -5.4287633e+000
  1.6940000e+000 -7.4733595e-001
  1.6950000e+000  1.2074951e+001
  1.6960000e+000  3.1760685e+001
  1.6970000e+000  4.3551371e+001
  1.6980000e+000  3.8159201e+001
  1.6990000e+000  3.2588532e+001
  1.7000000e+000  3.1570061e+001
  1.7010000e+000  2.2319973e+001
  1.7020000e+000  1.1029253e+001
  1.7030000e+000  2.8929368e+000
  1.7040000e+000 -7.0716194e+000
  1.7050000e+000 -1.8276644e+001
  1.7060000e+000 -2.5112901e+001
  1.7070000e+000 -2.1736538e+001
  1.7080000e+000 -9.4682818e+000
  1.7090000e+000 -1.4564515e+000
  1.7100000e+000 -4.5727112e+000
  1.7110000e+000 -1.0021711e+001
  1.7120000e+000 -8.0768248e+000
  1.7130000e+000 -7.7810017e-001
  1.7140000e+000  3.6026044e+000
  1.7150000e+000  4.5763743e+000
  1.7160000e+000  4.4987227e+000
  1.7170000e+000  1.1747678e+000
  1.7180000e+000 -3.0363837e+000
  1.7190000e+000 -4.6905508e+000
  1.7200000e+000 -5.6778860e+000
  1.7210000e+000 -3.6071331e+000
  1.7220000e+000  2.7195632e+000
  1.7230000e+000  9.7608855e+000
  1.7240000e+000  1.2533351e+001
  1.7250000e+000  7.2842187e+000
  1.7260000e+000  3.8532742e-001
  1.7270000e+000 -2.2048424e+000
  1.7280000e+000 -2.1886807e+000
  1.7290000e+000  2.8829733e-001
  1.7300000e+000  3.9902989e+000
  1.7310000e+000  7.3343250e+000
  1.7320000e+000  1.0497966e+001
  1.7330000e+000  1.4652985e+001
  1.7340000e+000  1.8430121e+001
  1.7350000e+000  1.7219639e+001
  1.7360000e+000  1.3058335e+001
  1.7370000e+000  9.2019965e+000
  1.7380000e+000  4.7583758e+000
  1.7390000e+000  3.1748139e+000
  1.7400000e+000  5.8091074e+000
  1.7410000e+000  8.2615241e+000
  1.7420000e+000  1.1563542e+001
  1.7430000e+000  1.9036815e+001
  1.7440000e+000  2.8421731e+001
  1.7450000e+000  3.7807066e+001
  1.7460000e+000  4.3472443e+001
  1.7470000e+000  3.7983976e+001
  1.7480000e+000  2.3546851e+001
  1.7490000e+000  1.1900691e+001
  1.7500000e+000  7.7968359e+000
  1.7510000e+000  8.4208245e+000
  1.7520000e+000  1.1066428e+001
  1.7530000e+000  1.1638965e+001
  1.7540000e+000  8.4300945e+000
  1.7550000e+000  7.1729315e+000
  1.7560000e+000  1.1205268e+001
  1.7570000e+000  1.9427956e+001
  1.7580000e+000  2.8524340e+001
  1.7590000e+000  3.1212179e+001
  1.7600000e+000  2.3655997e+001
  1.7610000e+000  1.0028149e+001
  1.7620000e+000 -1.5856070e+000
  1.7630000e+000 -6.6139660e+000
  1.7640000e+000 -7.1226644e+000
  1.7650000e+000 -3.5892340e+000
  1.7660000e+000  4.5762141e+000
  1.7670000e+000  1.3558590e+001
  1.7680000e+000  1.9079534e+001
  1.7690000e+000  1.9988466e+001
  1.7700000e+000  1.8337761e+001
  1.7710000e+000  1.3513614e+001
  1.7720000e+000  9.3385756e+000
  1.7730000e+000  9.6683737e+000
  1.7740000e+000  5.8909016e+000
  1.7750000e+000 -1.2236732e+000
  1.7760000e+000 -6.3910568e-001
  1.7770000e+000  7.5199614e+000
  1.7780000e+000  1.4242829e+001
  1.7790000e+000  1.6292865e+001
  1.7800000e+000  1.9128632e+001
  1.7810000e+000  2.0183525e+001
  1.7820000e+000  1.0702430e+001
  1.7830000e+000 -8.0821237e-001
  1.7840000e+000  3.7445535e+000
  1.7850000e+000  1.6364395e+001
  1.7860000e+000  1.8051186e+001
  1.7870000e+000  4.2332455e+000
  1.7880000e+000 -1.2989877e+001
  1.7890000e+000 -1.4003646e+001
  1.7900000e+000  4.7337881e-001
  1.7910000e+000  1.0641997e+001
  1.7920000e+000  8.0203428e+000
  1.7930000e+000  1.8417336e+000
  1.7940000e+000 -5.4143052e+000
  1.7950000e+000 -3.4239803e+001
  1.7960000e+000 -6.1982150e+001
  1.7970000e+000 -3.5329797e+001
  1.7980000e+000  1.2512336e+001
  1.7990000e+000  2.7689102e+001
  1.8000000e+000  2.3505190e+001
