 -1.0000000e+000             NaN
 -9.9900000e-001             NaN
 -9.9800000e-001             NaN
 -9.9700000e-001             NaN
 -9.9600000e-001             NaN
 -9.9500000e-001             NaN
 -9.9400000e-001             NaN
 -9.9300000e-001             NaN
 -9.9200000e-001             NaN
 -9.9100000e-001             NaN
 -9.9000000e-001             NaN
 -9.8900000e-001             NaN
 -9.8800000e-001             NaN
 -9.8700000e-001             NaN
 -9.8600000e-001             NaN
 -9.8500000e-001             NaN
 -9.8400000e-001             NaN
 -9.8300000e-001             NaN
 -9.8200000e-001             NaN
 -9.8100000e-001             NaN
 -9.8000000e-001             NaN
 -9.7900000e-001             NaN
 -9.7800000e-001             NaN
 -9.7700000e-001             NaN
 -9.7600000e-001             NaN
 -9.7500000e-001             NaN
 -9.7400000e-001             NaN
 -9.7300000e-001             NaN
 -9.7200000e-001             NaN
 -9.7100000e-001             NaN
 -9.7000000e-001             NaN
 -9.6900000e-001             NaN
 -9.6800000e-001             NaN
 -9.6700000e-001             NaN
 -9.6600000e-001             NaN
 -9.6500000e-001             NaN
 -9.6400000e-001             NaN
 -9.6300000e-001             NaN
 -9.6200000e-001             NaN
 -9.6100000e-001             NaN
 -9.6000000e-001             NaN
 -9.5900000e-001             NaN
 -9.5800000e-001             NaN
 -9.5700000e-001             NaN
 -9.5600000e-001             NaN
 -9.5500000e-001             NaN
 -9.5400000e-001             NaN
 -9.5300000e-001             NaN
 -9.5200000e-001             NaN
 -9.5100000e-001             NaN
 -9.5000000e-001             NaN
 -9.4900000e-001             NaN
 -9.4800000e-001             NaN
 -9.4700000e-001             NaN
 -9.4600000e-001             NaN
 -9.4500000e-001             NaN
 -9.4400000e-001             NaN
 -9.4300000e-001             NaN
 -9.4200000e-001             NaN
 -9.4100000e-001             NaN
 -9.4000000e-001             NaN
 -9.3900000e-001             NaN
 -9.3800000e-001             NaN
 -9.3700000e-001             NaN
 -9.3600000e-001             NaN
 -9.3500000e-001             NaN
 -9.3400000e-001             NaN
 -9.3300000e-001             NaN
 -9.3200000e-001             NaN
 -9.3100000e-001             NaN
 -9.3000000e-001             NaN
 -9.2900000e-001             NaN
 -9.2800000e-001             NaN
 -9.2700000e-001             NaN
 -9.2600000e-001             NaN
 -9.2500000e-001             NaN
 -9.2400000e-001             NaN
 -9.2300000e-001             NaN
 -9.2200000e-001             NaN
 -9.2100000e-001             NaN
 -9.2000000e-001             NaN
 -9.1900000e-001             NaN
 -9.1800000e-001             NaN
 -9.1700000e-001             NaN
 -9.1600000e-001             NaN
 -9.1500000e-001             NaN
 -9.1400000e-001             NaN
 -9.1300000e-001             NaN
 -9.1200000e-001             NaN
 -9.1100000e-001             NaN
 -9.1000000e-001             NaN
 -9.0900000e-001             NaN
 -9.0800000e-001             NaN
 -9.0700000e-001             NaN
 -9.0600000e-001             NaN
 -9.0500000e-001             NaN
 -9.0400000e-001             NaN
 -9.0300000e-001             NaN
 -9.0200000e-001             NaN
 -9.0100000e-001             NaN
 -9.0000000e-001             NaN
 -8.9900000e-001             NaN
 -8.9800000e-001             NaN
 -8.9700000e-001             NaN
 -8.9600000e-001             NaN
 -8.9500000e-001             NaN
 -8.9400000e-001             NaN
 -8.9300000e-001             NaN
 -8.9200000e-001             NaN
 -8.9100000e-001             NaN
 -8.9000000e-001             NaN
 -8.8900000e-001             NaN
 -8.8800000e-001             NaN
 -8.8700000e-001             NaN
 -8.8600000e-001             NaN
 -8.8500000e-001             NaN
 -8.8400000e-001             NaN
 -8.8300000e-001             NaN
 -8.8200000e-001             NaN
 -8.8100000e-001             NaN
 -8.8000000e-001             NaN
 -8.7900000e-001             NaN
 -8.7800000e-001             NaN
 -8.7700000e-001             NaN
 -8.7600000e-001             NaN
 -8.7500000e-001             NaN
 -8.7400000e-001             NaN
 -8.7300000e-001             NaN
 -8.7200000e-001             NaN
 -8.7100000e-001             NaN
 -8.7000000e-001             NaN
 -8.6900000e-001             NaN
 -8.6800000e-001             NaN
 -8.6700000e-001             NaN
 -8.6600000e-001             NaN
 -8.6500000e-001             NaN
 -8.6400000e-001             NaN
 -8.6300000e-001             NaN
 -8.6200000e-001             NaN
 -8.6100000e-001             NaN
 -8.6000000e-001             NaN
 -8.5900000e-001             NaN
 -8.5800000e-001             NaN
 -8.5700000e-001             NaN
 -8.5600000e-001             NaN
 -8.5500000e-001             NaN
 -8.5400000e-001             NaN
 -8.5300000e-001             NaN
 -8.5200000e-001             NaN
 -8.5100000e-001             NaN
 -8.5000000e-001             NaN
 -8.4900000e-001             NaN
 -8.4800000e-001             NaN
 -8.4700000e-001             NaN
 -8.4600000e-001             NaN
 -8.4500000e-001             NaN
 -8.4400000e-001             NaN
 -8.4300000e-001             NaN
 -8.4200000e-001             NaN
 -8.4100000e-001             NaN
 -8.4000000e-001             NaN
 -8.3900000e-001             NaN
 -8.3800000e-001             NaN
 -8.3700000e-001             NaN
 -8.3600000e-001             NaN
 -8.3500000e-001             NaN
 -8.3400000e-001             NaN
 -8.3300000e-001             NaN
 -8.3200000e-001             NaN
 -8.3100000e-001             NaN
 -8.3000000e-001             NaN
 -8.2900000e-001             NaN
 -8.2800000e-001             NaN
 -8.2700000e-001             NaN
 -8.2600000e-001             NaN
 -8.2500000e-001             NaN
 -8.2400000e-001             NaN
 -8.2300000e-001             NaN
 -8.2200000e-001             NaN
 -8.2100000e-001             NaN
 -8.2000000e-001             NaN
 -8.1900000e-001             NaN
 -8.1800000e-001             NaN
 -8.1700000e-001             NaN
 -8.1600000e-001             NaN
 -8.1500000e-001             NaN
 -8.1400000e-001             NaN
 -8.1300000e-001             NaN
 -8.1200000e-001             NaN
 -8.1100000e-001             NaN
 -8.1000000e-001             NaN
 -8.0900000e-001             NaN
 -8.0800000e-001             NaN
 -8.0700000e-001             NaN
 -8.0600000e-001             NaN
 -8.0500000e-001             NaN
 -8.0400000e-001             NaN
 -8.0300000e-001             NaN
 -8.0200000e-001             NaN
 -8.0100000e-001             NaN
 -8.0000000e-001             NaN
 -7.9900000e-001             NaN
 -7.9800000e-001             NaN
 -7.9700000e-001             NaN
 -7.9600000e-001             NaN
 -7.9500000e-001             NaN
 -7.9400000e-001             NaN
 -7.9300000e-001             NaN
 -7.9200000e-001             NaN
 -7.9100000e-001             NaN
 -7.9000000e-001             NaN
 -7.8900000e-001             NaN
 -7.8800000e-001             NaN
 -7.8700000e-001             NaN
 -7.8600000e-001             NaN
 -7.8500000e-001             NaN
 -7.8400000e-001             NaN
 -7.8300000e-001             NaN
 -7.8200000e-001             NaN
 -7.8100000e-001             NaN
 -7.8000000e-001             NaN
 -7.7900000e-001             NaN
 -7.7800000e-001             NaN
 -7.7700000e-001             NaN
 -7.7600000e-001             NaN
 -7.7500000e-001             NaN
 -7.7400000e-001             NaN
 -7.7300000e-001             NaN
 -7.7200000e-001             NaN
 -7.7100000e-001             NaN
 -7.7000000e-001             NaN
 -7.6900000e-001             NaN
 -7.6800000e-001             NaN
 -7.6700000e-001             NaN
 -7.6600000e-001             NaN
 -7.6500000e-001             NaN
 -7.6400000e-001             NaN
 -7.6300000e-001             NaN
 -7.6200000e-001             NaN
 -7.6100000e-001             NaN
 -7.6000000e-001             NaN
 -7.5900000e-001             NaN
 -7.5800000e-001             NaN
 -7.5700000e-001             NaN
 -7.5600000e-001             NaN
 -7.5500000e-001             NaN
 -7.5400000e-001             NaN
 -7.5300000e-001             NaN
 -7.5200000e-001             NaN
 -7.5100000e-001             NaN
 -7.5000000e-001             NaN
 -7.4900000e-001             NaN
 -7.4800000e-001             NaN
 -7.4700000e-001             NaN
 -7.4600000e-001             NaN
 -7.4500000e-001             NaN
 -7.4400000e-001             NaN
 -7.4300000e-001             NaN
 -7.4200000e-001             NaN
 -7.4100000e-001             NaN
 -7.4000000e-001             NaN
 -7.3900000e-001             NaN
 -7.3800000e-001             NaN
 -7.3700000e-001             NaN
 -7.3600000e-001             NaN
 -7.3500000e-001             NaN
 -7.3400000e-001             NaN
 -7.3300000e-001             NaN
 -7.3200000e-001             NaN
 -7.3100000e-001             NaN
 -7.3000000e-001             NaN
 -7.2900000e-001             NaN
 -7.2800000e-001             NaN
 -7.2700000e-001             NaN
 -7.2600000e-001             NaN
 -7.2500000e-001             NaN
 -7.2400000e-001             NaN
 -7.2300000e-001             NaN
 -7.2200000e-001             NaN
 -7.2100000e-001  0.0000000e+000
 -7.2000000e-001  0.0000000e+000
 -7.1900000e-001  0.0000000e+000
 -7.1800000e-001  0.0000000e+000
 -7.1700000e-001 -3.3272877e-005
 -7.1600000e-001 -1.0367154e-003
 -7.1500000e-001 -7.1894213e-004
 -7.1400000e-001  9.1464997e-003
 -7.1300000e-001  2.8191229e-002
 -7.1200000e-001  4.8265243e-002
 -7.1100000e-001  6.7480481e-002
 -7.1000000e-001  8.6731885e-002
 -7.0900000e-001  8.2010503e-002
 -7.0800000e-001  3.6464721e-002
 -7.0700000e-001  4.7367029e-001
 -7.0600000e-001  1.2363899e+000
 -7.0500000e-001  1.5548069e+000
 -7.0400000e-001  1.1514983e+000
 -7.0300000e-001 -6.2882131e-001
 -7.0200000e-001 -2.3513757e+000
 -7.0100000e-001 -3.0330612e+000
 -7.0000000e-001 -3.7804409e+000
 -6.9900000e-001 -4.4191797e+000
 -6.9800000e-001 -5.6933251e+000
 -6.9700000e-001 -9.6892573e+000
 -6.9600000e-001 -1.5542866e+001
 -6.9500000e-001 -2.3361747e+001
 -6.9400000e-001 -3.6312542e+001
 -6.9300000e-001 -5.2916746e+001
 -6.9200000e-001 -7.5044196e+001
 -6.9100000e-001 -1.0582327e+002
 -6.9000000e-001 -1.3676573e+002
 -6.8900000e-001 -1.6239642e+002
 -6.8800000e-001 -1.7917251e+002
 -6.8700000e-001 -1.8789655e+002
 -6.8600000e-001 -1.9605310e+002
 -6.8500000e-001 -1.9412214e+002
 -6.8400000e-001 -1.8274932e+002
 -6.8300000e-001 -1.7311725e+002
 -6.8200000e-001 -1.5912199e+002
 -6.8100000e-001 -1.4469559e+002
 -6.8000000e-001 -1.3528271e+002
 -6.7900000e-001 -1.2182692e+002
 -6.7800000e-001 -1.0840984e+002
 -6.7700000e-001 -1.0258174e+002
 -6.7600000e-001 -9.4766031e+001
 -6.7500000e-001 -7.6345335e+001
 -6.7400000e-001 -5.1775190e+001
 -6.7300000e-001 -2.9034405e+001
 -6.7200000e-001 -1.3926543e+001
 -6.7100000e-001 -2.9025142e+000
 -6.7000000e-001  3.8165488e+000
 -6.6900000e-001 -2.5416435e-001
 -6.6800000e-001  1.2568915e+000
 -6.6700000e-001  7.6081683e+000
 -6.6600000e-001 -1.5020450e+000
 -6.6500000e-001 -1.5580658e+001
 -6.6400000e-001 -2.4018844e+001
 -6.6300000e-001 -3.0650485e+001
 -6.6200000e-001 -3.2623861e+001
 -6.6100000e-001 -3.0024942e+001
 -6.6000000e-001 -2.4656826e+001
 -6.5900000e-001 -1.2800689e+001
 -6.5800000e-001 -4.2292776e+000
 -6.5700000e-001 -7.7842351e+000
 -6.5600000e-001 -1.0050754e+001
 -6.5500000e-001 -3.6004640e+000
 -6.5400000e-001 -2.8261363e+000
 -6.5300000e-001 -1.2531346e+001
 -6.5200000e-001 -1.6434003e+001
 -6.5100000e-001 -1.3452786e+001
 -6.5000000e-001 -1.0224849e+001
 -6.4900000e-001 -4.7736919e+000
 -6.4800000e-001 -8.2738222e+000
 -6.4700000e-001 -2.0037128e+001
 -6.4600000e-001 -2.3014023e+001
 -6.4500000e-001 -1.8872854e+001
 -6.4400000e-001 -1.4422150e+001
 -6.4300000e-001 -1.2707013e+001
 -6.4200000e-001 -1.8135435e+001
 -6.4100000e-001 -2.7748110e+001
 -6.4000000e-001 -3.3398981e+001
 -6.3900000e-001 -3.4355578e+001
 -6.3800000e-001 -3.3526298e+001
 -6.3700000e-001 -2.9968721e+001
 -6.3600000e-001 -2.6929696e+001
 -6.3500000e-001 -2.0197524e+001
 -6.3400000e-001 -7.5701874e+000
 -6.3300000e-001 -2.2282643e+000
 -6.3200000e-001 -6.5417099e+000
 -6.3100000e-001 -1.6227918e+001
 -6.3000000e-001 -2.5772543e+001
 -6.2900000e-001 -2.6844668e+001
 -6.2800000e-001 -2.6515821e+001
 -6.2700000e-001 -2.8350042e+001
 -6.2600000e-001 -2.1610200e+001
 -6.2500000e-001 -1.0394502e+001
 -6.2400000e-001 -7.9668431e-001
 -6.2300000e-001  5.9723007e+000
 -6.2200000e-001 -4.6546627e-001
 -6.2100000e-001 -1.1894186e+001
 -6.2000000e-001 -1.2796661e+001
 -6.1900000e-001 -6.3555796e+000
 -6.1800000e-001  1.6987535e+000
 -6.1700000e-001  6.1769730e+000
 -6.1600000e-001  4.5564552e+000
 -6.1500000e-001  4.7985564e+000
 -6.1400000e-001  8.6570122e+000
 -6.1300000e-001  1.1431726e+001
 -6.1200000e-001  1.9062596e+001
 -6.1100000e-001  2.1514502e+001
 -6.1000000e-001  9.7695078e+000
 -6.0900000e-001 -2.8828830e-001
 -6.0800000e-001 -2.4778053e+000
 -6.0700000e-001 -6.9530883e+000
 -6.0600000e-001 -1.1185824e+001
 -6.0500000e-001 -5.7341718e+000
 -6.0400000e-001  8.3855588e+000
 -6.0300000e-001  2.0787052e+001
 -6.0200000e-001  1.8571637e+001
 -6.0100000e-001  1.0458145e+001
 -6.0000000e-001  8.7184617e+000
 -5.9900000e-001  7.6850180e+000
 -5.9800000e-001  4.0278229e+000
 -5.9700000e-001 -5.7859833e-001
 -5.9600000e-001 -1.7782043e+000
 -5.9500000e-001  7.9626540e+000
 -5.9400000e-001  1.2260940e+001
 -5.9300000e-001  3.8262343e+000
 -5.9200000e-001 -1.0252744e+000
 -5.9100000e-001 -2.5147744e+000
 -5.9000000e-001 -3.7573860e+000
 -5.8900000e-001 -1.5367423e+000
 -5.8800000e-001  9.6349629e+000
 -5.8700000e-001  2.3195733e+001
 -5.8600000e-001  2.9494625e+001
 -5.8500000e-001  2.8821645e+001
 -5.8400000e-001  2.0842820e+001
 -5.8300000e-001  1.2124208e+001
 -5.8200000e-001  4.4843696e+000
 -5.8100000e-001 -3.3868345e+000
 -5.8000000e-001 -6.3202554e+000
 -5.7900000e-001 -3.5717469e+000
 -5.7800000e-001  4.1317920e-001
 -5.7700000e-001 -2.2501911e+000
 -5.7600000e-001 -1.3424176e+001
 -5.7500000e-001 -2.5078445e+001
 -5.7400000e-001 -2.8948691e+001
 -5.7300000e-001 -1.7379848e+001
 -5.7200000e-001  3.1935439e+000
 -5.7100000e-001  1.5942663e+001
 -5.7000000e-001  1.7598323e+001
 -5.6900000e-001  1.1561213e+001
 -5.6800000e-001  4.7828116e+000
 -5.6700000e-001 -4.2772735e-001
 -5.6600000e-001 -9.0301025e+000
 -5.6500000e-001 -1.6759005e+001
 -5.6400000e-001 -2.0819406e+001
 -5.6300000e-001 -2.0338358e+001
 -5.6200000e-001 -1.9155800e+001
 -5.6100000e-001 -2.0767407e+001
 -5.6000000e-001 -2.4680220e+001
 -5.5900000e-001 -3.7276792e+001
 -5.5800000e-001 -4.7017717e+001
 -5.5700000e-001 -3.9520460e+001
 -5.5600000e-001 -2.8725712e+001
 -5.5500000e-001 -2.7979353e+001
 -5.5400000e-001 -3.2648186e+001
 -5.5300000e-001 -4.2045647e+001
 -5.5200000e-001 -5.0082295e+001
 -5.5100000e-001 -4.7958573e+001
 -5.5000000e-001 -4.1775700e+001
 -5.4900000e-001 -3.3044003e+001
 -5.4800000e-001 -2.7713970e+001
 -5.4700000e-001 -3.1509261e+001
 -5.4600000e-001 -3.4797792e+001
 -5.4500000e-001 -3.5716369e+001
 -5.4400000e-001 -3.5851874e+001
 -5.4300000e-001 -3.4902719e+001
 -5.4200000e-001 -3.7207907e+001
 -5.4100000e-001 -3.2924029e+001
 -5.4000000e-001 -1.8290797e+001
 -5.3900000e-001 -2.4361797e+000
 -5.3800000e-001  8.5641160e+000
 -5.3700000e-001  9.5244655e+000
 -5.3600000e-001  4.3910457e+000
 -5.3500000e-001 -2.1819859e-001
 -5.3400000e-001 -2.1501698e+000
 -5.3300000e-001 -1.3101381e+000
 -5.3200000e-001 -2.0832362e+000
 -5.3100000e-001  1.8683532e+000
 -5.3000000e-001  1.0646007e+001
 -5.2900000e-001  1.3661996e+001
 -5.2800000e-001  1.3452698e+001
 -5.2700000e-001  8.3871152e+000
 -5.2600000e-001  3.7314570e+000
 -5.2500000e-001  5.0973767e+000
 -5.2400000e-001  5.2826683e+000
 -5.2300000e-001  5.9671578e+000
 -5.2200000e-001  7.1429988e+000
 -5.2100000e-001 -9.3975595e-002
 -5.2000000e-001 -8.1935978e+000
 -5.1900000e-001 -1.3149316e+001
 -5.1800000e-001 -1.8061496e+001
 -5.1700000e-001 -1.0958396e+001
 -5.1600000e-001 -3.6213881e+000
 -5.1500000e-001 -1.4569427e+001
 -5.1400000e-001 -2.1761728e+001
 -5.1300000e-001 -9.4586196e+000
 -5.1200000e-001  3.4329344e+000
 -5.1100000e-001  6.8385300e+000
 -5.1000000e-001  4.9600769e+000
 -5.0900000e-001  2.8012989e+000
 -5.0800000e-001  8.0863289e+000
 -5.0700000e-001  1.5217187e+001
 -5.0600000e-001  9.5182624e+000
 -5.0500000e-001 -2.8549666e+000
 -5.0400000e-001 -3.6763197e+000
 -5.0300000e-001  3.6700256e+000
 -5.0200000e-001  8.7975196e+000
 -5.0100000e-001  4.9624597e+000
 -5.0000000e-001 -5.3627826e+000
 -4.9900000e-001 -9.7472719e+000
 -4.9800000e-001 -1.1834114e+001
 -4.9700000e-001 -1.3336378e+001
 -4.9600000e-001 -1.3389619e+001
 -4.9500000e-001 -1.2978373e+001
 -4.9400000e-001 -1.6470385e+001
 -4.9300000e-001 -1.8162772e+001
 -4.9200000e-001 -9.8504229e+000
 -4.9100000e-001 -3.9911944e+000
 -4.9000000e-001 -1.3286428e+000
 -4.8900000e-001 -5.2493685e-001
 -4.8800000e-001 -8.5595559e+000
 -4.8700000e-001 -1.6071838e+001
 -4.8600000e-001 -1.5408503e+001
 -4.8500000e-001 -1.0728140e+001
 -4.8400000e-001 -7.6579446e+000
 -4.8300000e-001 -9.5952284e+000
 -4.8200000e-001 -1.3055594e+001
 -4.8100000e-001 -1.3357328e+001
 -4.8000000e-001 -1.0390490e+001
 -4.7900000e-001 -6.4242016e+000
 -4.7800000e-001 -1.0298167e+001
 -4.7700000e-001 -2.6459563e+001
 -4.7600000e-001 -4.0431700e+001
 -4.7500000e-001 -4.0913009e+001
 -4.7400000e-001 -3.0181931e+001
 -4.7300000e-001 -2.0610311e+001
 -4.7200000e-001 -1.8305661e+001
 -4.7100000e-001 -1.4534880e+001
 -4.7000000e-001 -1.3132989e+001
 -4.6900000e-001 -2.0668904e+001
 -4.6800000e-001 -2.4207871e+001
 -4.6700000e-001 -2.0821374e+001
 -4.6600000e-001 -2.1355767e+001
 -4.6500000e-001 -2.2115753e+001
 -4.6400000e-001 -1.4283858e+001
 -4.6300000e-001 -3.3513579e+000
 -4.6200000e-001  5.6812928e+000
 -4.6100000e-001  1.2408831e+001
 -4.6000000e-001  1.3278380e+001
 -4.5900000e-001  9.3124376e+000
 -4.5800000e-001  8.5153581e+000
 -4.5700000e-001  1.4891305e+001
 -4.5600000e-001  1.8967761e+001
 -4.5500000e-001  1.0543206e+001
 -4.5400000e-001 -2.6789410e+000
 -4.5300000e-001 -1.1950185e+001
 -4.5200000e-001 -2.0472502e+001
 -4.5100000e-001 -2.4998574e+001
 -4.5000000e-001 -2.1017006e+001
 -4.4900000e-001 -1.5869929e+001
 -4.4800000e-001 -1.5991230e+001
 -4.4700000e-001 -1.7043011e+001
 -4.4600000e-001 -1.0300844e+001
 -4.4500000e-001  1.7604900e+000
 -4.4400000e-001  1.0950974e+001
 -4.4300000e-001  1.5431590e+001
 -4.4200000e-001  1.4343916e+001
 -4.4100000e-001  8.1487216e+000
 -4.4000000e-001  1.0382192e+000
 -4.3900000e-001 -6.9685118e+000
 -4.3800000e-001 -1.0766111e+001
 -4.3700000e-001 -7.3793848e+000
 -4.3600000e-001 -5.5216012e+000
 -4.3500000e-001 -8.2408131e+000
 -4.3400000e-001 -1.2610054e+001
 -4.3300000e-001 -1.6933953e+001
 -4.3200000e-001 -1.9891892e+001
 -4.3100000e-001 -2.2269312e+001
 -4.3000000e-001 -2.6859142e+001
 -4.2900000e-001 -2.8505060e+001
 -4.2800000e-001 -2.2397799e+001
 -4.2700000e-001 -1.4490553e+001
 -4.2600000e-001 -1.1624744e+001
 -4.2500000e-001 -1.2677215e+001
 -4.2400000e-001 -1.2492476e+001
 -4.2300000e-001 -9.2305071e+000
 -4.2200000e-001 -6.1015284e+000
 -4.2100000e-001 -4.9676202e+000
 -4.2000000e-001 -5.5106749e+000
 -4.1900000e-001 -1.0025922e+001
 -4.1800000e-001 -1.3999950e+001
 -4.1700000e-001 -1.4386700e+001
 -4.1600000e-001 -1.4613966e+001
 -4.1500000e-001 -1.3763827e+001
 -4.1400000e-001 -1.6148372e+001
 -4.1300000e-001 -2.1530077e+001
 -4.1200000e-001 -2.0493243e+001
 -4.1100000e-001 -1.4689989e+001
 -4.1000000e-001 -8.9520609e+000
 -4.0900000e-001 -2.7380331e+000
 -4.0800000e-001 -1.0015794e+000
 -4.0700000e-001 -7.3977523e+000
 -4.0600000e-001 -1.1196964e+001
 -4.0500000e-001 -8.7171406e+000
 -4.0400000e-001 -1.2844369e+000
 -4.0300000e-001  1.0996127e+001
 -4.0200000e-001  1.7617712e+001
 -4.0100000e-001  1.1885750e+001
 -4.0000000e-001 -1.0229216e-001
 -3.9900000e-001 -1.6029049e+001
 -3.9800000e-001 -3.0236463e+001
 -3.9700000e-001 -3.4525328e+001
 -3.9600000e-001 -3.3527691e+001
 -3.9500000e-001 -3.2523859e+001
 -3.9400000e-001 -3.4681276e+001
 -3.9300000e-001 -3.2862869e+001
 -3.9200000e-001 -2.7300532e+001
 -3.9100000e-001 -2.2146945e+001
 -3.9000000e-001 -1.6600958e+001
 -3.8900000e-001 -1.5059022e+001
 -3.8800000e-001 -1.4701226e+001
 -3.8700000e-001 -1.6028663e+001
 -3.8600000e-001 -1.8974398e+001
 -3.8500000e-001 -1.6292396e+001
 -3.8400000e-001 -1.5220635e+001
 -3.8300000e-001 -2.2605023e+001
 -3.8200000e-001 -3.2608581e+001
 -3.8100000e-001 -3.7982076e+001
 -3.8000000e-001 -3.7212130e+001
 -3.7900000e-001 -3.4777063e+001
 -3.7800000e-001 -2.9322743e+001
 -3.7700000e-001 -1.6932366e+001
 -3.7600000e-001 -2.0305921e+000
 -3.7500000e-001  3.0558241e+000
 -3.7400000e-001 -4.1576139e+000
 -3.7300000e-001 -1.2476495e+001
 -3.7200000e-001 -1.2408503e+001
 -3.7100000e-001 -5.1534404e+000
 -3.7000000e-001  3.2288948e+000
 -3.6900000e-001  8.3491333e+000
 -3.6800000e-001  7.5332860e+000
 -3.6700000e-001  5.0656155e+000
 -3.6600000e-001  5.9174267e+000
 -3.6500000e-001  6.3700096e+000
 -3.6400000e-001  1.0047306e+001
 -3.6300000e-001  1.0501508e+001
 -3.6200000e-001 -7.1093678e+000
 -3.6100000e-001 -1.5320598e+001
 -3.6000000e-001 -5.3976270e-001
 -3.5900000e-001  1.3886192e+001
 -3.5800000e-001  2.2026158e+001
 -3.5700000e-001  2.4997575e+001
 -3.5600000e-001  1.8379918e+001
 -3.5500000e-001  3.3377076e+000
 -3.5400000e-001 -3.7289776e+000
 -3.5300000e-001 -1.9556307e+000
 -3.5200000e-001 -3.4559978e+000
 -3.5100000e-001 -5.8226628e+000
 -3.5000000e-001 -1.1198667e+001
 -3.4900000e-001 -2.0912190e+001
 -3.4800000e-001 -2.4475037e+001
 -3.4700000e-001 -2.0720446e+001
 -3.4600000e-001 -2.0563738e+001
 -3.4500000e-001 -2.2221737e+001
 -3.4400000e-001 -2.1371524e+001
 -3.4300000e-001 -1.7098114e+001
 -3.4200000e-001 -1.2159605e+001
 -3.4100000e-001 -1.2058342e+001
 -3.4000000e-001 -7.2450855e+000
 -3.3900000e-001  2.5050911e+000
 -3.3800000e-001  1.3378087e+001
 -3.3700000e-001  2.2445448e+001
 -3.3600000e-001  2.1180929e+001
 -3.3500000e-001  1.4327220e+001
 -3.3400000e-001  8.9356267e+000
 -3.3300000e-001 -3.2131366e+000
 -3.3200000e-001 -2.2566487e+001
 -3.3100000e-001 -3.2656687e+001
 -3.3000000e-001 -2.9467124e+001
 -3.2900000e-001 -1.9124069e+001
 -3.2800000e-001 -2.5024954e+000
 -3.2700000e-001  9.8172729e+000
 -3.2600000e-001  1.7356437e+001
 -3.2500000e-001  2.8160429e+001
 -3.2400000e-001  3.4788710e+001
 -3.2300000e-001  4.2332061e+001
 -3.2200000e-001  5.4378427e+001
 -3.2100000e-001  5.7361692e+001
 -3.2000000e-001  4.6151714e+001
 -3.1900000e-001  3.4979532e+001
 -3.1800000e-001  3.5539559e+001
 -3.1700000e-001  3.8819981e+001
 -3.1600000e-001  2.8566690e+001
 -3.1500000e-001  1.1623937e+001
 -3.1400000e-001  3.8140926e+000
 -3.1300000e-001 -1.8346165e-001
 -3.1200000e-001 -2.9651373e+000
 -3.1100000e-001 -5.3954108e+000
 -3.1000000e-001 -6.4553138e+000
 -3.0900000e-001 -7.9745444e+000
 -3.0800000e-001 -1.2100759e+001
 -3.0700000e-001 -6.4101746e+000
 -3.0600000e-001  2.7632952e+000
 -3.0500000e-001  4.4076243e+000
 -3.0400000e-001  1.1639675e+000
 -3.0300000e-001  7.5711515e-001
 -3.0200000e-001  1.6513014e+000
 -3.0100000e-001  2.3704082e+000
 -3.0000000e-001  8.9381788e+000
 -2.9900000e-001  1.6404117e+001
 -2.9800000e-001  2.3743475e+001
 -2.9700000e-001  2.7084978e+001
 -2.9600000e-001  2.7585398e+001
 -2.9500000e-001  2.8513421e+001
 -2.9400000e-001  2.2299209e+001
 -2.9300000e-001  2.0125658e+001
 -2.9200000e-001  2.2073545e+001
 -2.9100000e-001  2.0981256e+001
 -2.9000000e-001  2.1222713e+001
 -2.8900000e-001  1.7380623e+001
 -2.8800000e-001  8.8451956e+000
 -2.8700000e-001 -1.0013800e+000
 -2.8600000e-001  3.3227661e-001
 -2.8500000e-001  1.5192175e+001
 -2.8400000e-001  2.4139988e+001
 -2.8300000e-001  2.4384192e+001
 -2.8200000e-001  1.8003827e+001
 -2.8100000e-001  1.3373027e+001
 -2.8000000e-001  1.8889227e+001
 -2.7900000e-001  3.0569920e+001
 -2.7800000e-001  3.8641788e+001
 -2.7700000e-001  4.2798448e+001
 -2.7600000e-001  4.1214565e+001
 -2.7500000e-001  2.8722775e+001
 -2.7400000e-001  1.7464014e+001
 -2.7300000e-001  1.2809100e+001
 -2.7200000e-001  1.4767781e+001
 -2.7100000e-001  1.8517276e+001
 -2.7000000e-001  2.0982179e+001
 -2.6900000e-001  1.7400348e+001
 -2.6800000e-001 -7.6268079e-001
 -2.6700000e-001 -1.7890624e+001
 -2.6600000e-001 -2.0224709e+001
 -2.6500000e-001 -1.2002208e+001
 -2.6400000e-001 -5.6142933e-001
 -2.6300000e-001  1.4494841e+001
 -2.6200000e-001  3.0453253e+001
 -2.6100000e-001  4.3472636e+001
 -2.6000000e-001  4.1738511e+001
 -2.5900000e-001  3.1816994e+001
 -2.5800000e-001  2.3597285e+001
 -2.5700000e-001  1.8045145e+001
 -2.5600000e-001  2.4498142e+001
 -2.5500000e-001  3.3982564e+001
 -2.5400000e-001  3.3673511e+001
 -2.5300000e-001  2.9220536e+001
 -2.5200000e-001  2.8180826e+001
 -2.5100000e-001  2.3612850e+001
 -2.5000000e-001  1.8908421e+001
 -2.4900000e-001  2.2888524e+001
 -2.4800000e-001  3.3938569e+001
 -2.4700000e-001  4.5997222e+001
 -2.4600000e-001  5.2084998e+001
 -2.4500000e-001  5.3579362e+001
 -2.4400000e-001  4.9328158e+001
 -2.4300000e-001  3.8913678e+001
 -2.4200000e-001  3.6674542e+001
 -2.4100000e-001  4.2868063e+001
 -2.4000000e-001  3.4522158e+001
 -2.3900000e-001  1.7566672e+001
 -2.3800000e-001  5.7797323e+000
 -2.3700000e-001 -2.5073470e+000
 -2.3600000e-001 -3.0834397e+000
 -2.3500000e-001  5.3584368e+000
 -2.3400000e-001  1.6668954e+001
 -2.3300000e-001  1.8351642e+001
 -2.3200000e-001  1.9135882e+001
 -2.3100000e-001  1.7925283e+001
 -2.3000000e-001  1.0161833e+001
 -2.2900000e-001  8.1563437e+000
 -2.2800000e-001  1.1821250e+001
 -2.2700000e-001  1.8376411e+001
 -2.2600000e-001  2.0560266e+001
 -2.2500000e-001  1.6402051e+001
 -2.2400000e-001  8.8116699e+000
 -2.2300000e-001  4.3405231e+000
 -2.2200000e-001  6.2540851e+000
 -2.2100000e-001  6.8199942e+000
 -2.2000000e-001  1.0071897e+001
 -2.1900000e-001  2.0682380e+001
 -2.1800000e-001  2.6723570e+001
 -2.1700000e-001  2.7313842e+001
 -2.1600000e-001  2.2019250e+001
 -2.1500000e-001  7.1234624e+000
 -2.1400000e-001 -2.9659774e-001
 -2.1300000e-001  6.9285554e-002
 -2.1200000e-001 -4.1255943e-001
 -2.1100000e-001 -6.9778365e+000
 -2.1000000e-001 -1.2485641e+001
 -2.0900000e-001 -1.7896659e+001
 -2.0800000e-001 -1.8582279e+001
 -2.0700000e-001 -9.2642489e+000
 -2.0600000e-001  1.3168754e+000
 -2.0500000e-001  1.4645077e+001
 -2.0400000e-001  3.0728738e+001
 -2.0300000e-001  4.3120232e+001
 -2.0200000e-001  4.3972952e+001
 -2.0100000e-001  3.6284854e+001
 -2.0000000e-001  2.6401426e+001
 -1.9900000e-001  2.1926747e+001
 -1.9800000e-001  2.4609327e+001
 -1.9700000e-001  1.9730643e+001
 -1.9600000e-001  3.6602531e+000
 -1.9500000e-001 -1.4730249e+001
 -1.9400000e-001 -2.0715776e+001
 -1.9300000e-001 -1.5086115e+001
 -1.9200000e-001 -5.6046388e+000
 -1.9100000e-001  1.0534968e+001
 -1.9000000e-001  2.4595159e+001
 -1.8900000e-001  2.8922852e+001
 -1.8800000e-001  2.3669441e+001
 -1.8700000e-001  2.4309549e+001
 -1.8600000e-001  2.8828928e+001
 -1.8500000e-001  2.4098783e+001
 -1.8400000e-001  1.7667272e+001
 -1.8300000e-001  9.6690475e+000
 -1.8200000e-001  4.2104761e+000
 -1.8100000e-001  1.0789989e+001
 -1.8000000e-001  1.4785010e+001
 -1.7900000e-001  1.5810752e+001
 -1.7800000e-001  2.2961949e+001
 -1.7700000e-001  2.8379030e+001
 -1.7600000e-001  3.2433116e+001
 -1.7500000e-001  3.7464482e+001
 -1.7400000e-001  3.6240547e+001
 -1.7300000e-001  2.9894747e+001
 -1.7200000e-001  2.7910153e+001
 -1.7100000e-001  3.4403741e+001
 -1.7000000e-001  4.2858618e+001
 -1.6900000e-001  3.9771163e+001
 -1.6800000e-001  3.1241039e+001
 -1.6700000e-001  2.3382121e+001
 -1.6600000e-001  1.7506409e+001
 -1.6500000e-001  1.6029849e+001
 -1.6400000e-001  1.5237217e+001
 -1.6300000e-001  1.4631131e+001
 -1.6200000e-001  1.5979024e+001
 -1.6100000e-001  1.8339535e+001
 -1.6000000e-001  2.7299750e+001
 -1.5900000e-001  4.7295605e+001
 -1.5800000e-001  5.9582155e+001
 -1.5700000e-001  6.1081638e+001
 -1.5600000e-001  5.8097400e+001
 -1.5500000e-001  4.8985604e+001
 -1.5400000e-001  4.1672747e+001
 -1.5300000e-001  4.0440259e+001
 -1.5200000e-001  4.4118540e+001
 -1.5100000e-001  4.6824833e+001
 -1.5000000e-001  3.9187800e+001
 -1.4900000e-001  3.6505955e+001
 -1.4800000e-001  4.0281987e+001
 -1.4700000e-001  3.9305522e+001
 -1.4600000e-001  4.1209308e+001
 -1.4500000e-001  3.8737176e+001
 -1.4400000e-001  3.1909218e+001
 -1.4300000e-001  2.7348413e+001
 -1.4200000e-001  1.7739745e+001
 -1.4100000e-001  1.3764289e+001
 -1.4000000e-001  1.8712346e+001
 -1.3900000e-001  2.2871356e+001
 -1.3800000e-001  2.8302155e+001
 -1.3700000e-001  3.8349935e+001
 -1.3600000e-001  4.1509709e+001
 -1.3500000e-001  3.8250583e+001
 -1.3400000e-001  3.8640996e+001
 -1.3300000e-001  4.2851106e+001
 -1.3200000e-001  4.5795817e+001
 -1.3100000e-001  4.1861748e+001
 -1.3000000e-001  3.2731957e+001
 -1.2900000e-001  3.7111813e+001
 -1.2800000e-001  4.8149273e+001
 -1.2700000e-001  4.8137295e+001
 -1.2600000e-001  3.3789425e+001
 -1.2500000e-001  1.2433939e+001
 -1.2400000e-001  2.4985945e+000
 -1.2300000e-001  3.3808445e+001
 -1.2200000e-001  7.9180500e+001
 -1.2100000e-001  8.2085302e+001
 -1.2000000e-001  6.5108502e+001
 -1.1900000e-001  4.7355494e+001
 -1.1800000e-001  4.2556003e+001
 -1.1700000e-001  4.7498381e+001
 -1.1600000e-001  4.4418240e+001
 -1.1500000e-001  4.0303753e+001
 -1.1400000e-001  2.9496125e+001
 -1.1300000e-001  2.5644567e+001
 -1.1200000e-001  3.7500788e+001
 -1.1100000e-001  4.4162747e+001
 -1.1000000e-001  4.4377209e+001
 -1.0900000e-001  4.3952560e+001
 -1.0800000e-001  4.2962448e+001
 -1.0700000e-001  3.9829130e+001
 -1.0600000e-001  3.9420124e+001
 -1.0500000e-001  4.2899623e+001
 -1.0400000e-001  4.9443760e+001
 -1.0300000e-001  5.6182161e+001
 -1.0200000e-001  5.4771042e+001
 -1.0100000e-001  5.5126047e+001
 -1.0000000e-001  6.1719785e+001
 -9.9000000e-002  6.0283955e+001
 -9.8000000e-002  5.4906628e+001
 -9.7000000e-002  5.2462565e+001
 -9.6000000e-002  4.0932943e+001
 -9.5000000e-002  3.1071109e+001
 -9.4000000e-002  3.7556737e+001
 -9.3000000e-002  4.9627826e+001
 -9.2000000e-002  6.8584382e+002
 -9.1000000e-002 -7.3929050e+001
 -9.0000000e-002 -8.1624924e+003
 -8.9000000e-002 -1.5716129e+004
 -8.8000000e-002 -1.6545712e+004
 -8.7000000e-002 -1.0662816e+004
 -8.6000000e-002 -1.4335292e+003
 -8.5000000e-002  8.3631815e+002
 -8.4000000e-002  1.1066777e+002
 -8.3000000e-002  6.9095297e+001
 -8.2000000e-002  6.5081342e+001
 -8.1000000e-002  7.2244947e+001
 -8.0000000e-002  6.8763049e+001
 -7.9000000e-002  5.9802430e+001
 -7.8000000e-002  6.8211529e+001
 -7.7000000e-002  8.6267135e+001
 -7.6000000e-002  9.2611901e+001
 -7.5000000e-002  6.5747147e+001
 -7.4000000e-002  4.7561643e+001
 -7.3000000e-002  4.6501327e+001
 -7.2000000e-002  6.1100436e+001
 -7.1000000e-002  7.9669812e+001
 -7.0000000e-002  8.4641023e+001
 -6.9000000e-002  8.5209179e+001
 -6.8000000e-002  8.4024560e+001
 -6.7000000e-002  8.1092118e+001
 -6.6000000e-002  7.6054226e+001
 -6.5000000e-002  6.9607385e+001
 -6.4000000e-002  6.2310152e+001
 -6.3000000e-002  5.6129156e+001
 -6.2000000e-002  5.3779130e+001
 -6.1000000e-002  5.5319959e+001
 -6.0000000e-002  5.8265802e+001
 -5.9000000e-002  6.1666497e+001
 -5.8000000e-002  6.8577135e+001
 -5.7000000e-002  7.9018874e+001
 -5.6000000e-002  8.5551324e+001
 -5.5000000e-002  8.0461863e+001
 -5.4000000e-002  7.5656215e+001
 -5.3000000e-002  7.7324768e+001
 -5.2000000e-002  8.0043453e+001
 -5.1000000e-002  7.9112310e+001
 -5.0000000e-002  7.3399110e+001
 -4.9000000e-002  6.9802476e+001
 -4.8000000e-002  6.8854923e+001
 -4.7000000e-002  7.0539621e+001
 -4.6000000e-002  7.1013881e+001
 -4.5000000e-002  7.0565764e+001
 -4.4000000e-002  7.6299478e+001
 -4.3000000e-002  8.5855816e+001
 -4.2000000e-002  8.9977891e+001
 -4.1000000e-002  9.0730626e+001
 -4.0000000e-002  8.3056324e+001
 -3.9000000e-002  7.0742385e+001
 -3.8000000e-002  8.7666315e+001
 -3.7000000e-002  1.2049606e+002
 -3.6000000e-002  1.4432089e+002
 -3.5000000e-002  1.4518881e+002
 -3.4000000e-002  1.0671486e+002
 -3.3000000e-002  9.2859547e+001
 -3.2000000e-002  9.0739927e+001
 -3.1000000e-002  9.2209265e+001
 -3.0000000e-002  1.0130376e+002
 -2.9000000e-002  1.0218629e+002
 -2.8000000e-002  9.9186565e+001
 -2.7000000e-002  9.5425209e+001
 -2.6000000e-002  9.2713096e+001
 -2.5000000e-002  9.1812677e+001
 -2.4000000e-002  9.3834040e+001
 -2.3000000e-002  8.8365632e+001
 -2.2000000e-002  8.9806607e+001
 -2.1000000e-002  9.8368663e+001
 -2.0000000e-002  1.1102334e+002
 -1.9000000e-002  1.2363972e+002
 -1.8000000e-002  1.1767500e+002
 -1.7000000e-002  1.1183445e+002
 -1.6000000e-002  1.0851156e+002
 -1.5000000e-002  1.0589091e+002
 -1.4000000e-002  1.1843065e+002
 -1.3000000e-002  1.2993499e+002
 -1.2000000e-002  1.2684289e+002
 -1.1000000e-002  1.1058281e+002
 -1.0000000e-002  9.2540014e+001
 -9.0000000e-003  8.5716296e+001
 -8.0000000e-003  8.1128184e+001
 -7.0000000e-003  7.7424593e+001
 -6.0000000e-003  7.3473686e+001
 -5.0000000e-003  7.5481540e+001
 -4.0000000e-003  8.7878112e+001
 -3.0000000e-003  8.9330683e+001
 -2.0000000e-003  7.0874420e+001
 -1.0000000e-003  6.4234292e+001
  0.0000000e+000  7.8682799e+001
  1.0000000e-003  9.1700309e+001
  2.0000000e-003  1.0004393e+002
  3.0000000e-003  1.0127850e+002
  4.0000000e-003  9.3096974e+001
  5.0000000e-003  8.7790703e+001
  6.0000000e-003  8.8221867e+001
  7.0000000e-003  9.0139535e+001
  8.0000000e-003  9.4985744e+001
  9.0000000e-003  1.0247701e+002
  1.0000000e-002  1.0495892e+002
  1.1000000e-002  1.0190743e+002
  1.2000000e-002  8.8809711e+001
  1.3000000e-002  7.8257668e+001
  1.4000000e-002  8.3874892e+001
  1.5000000e-002  9.2949848e+001
  1.6000000e-002  1.0638756e+002
  1.7000000e-002  1.2209853e+002
  1.8000000e-002  1.2173105e+002
  1.9000000e-002  1.0906478e+002
  2.0000000e-002  1.0283516e+002
  2.1000000e-002  1.0012540e+002
  2.2000000e-002  9.6793641e+001
  2.3000000e-002  9.6975961e+001
  2.4000000e-002  9.7006535e+001
  2.5000000e-002  9.5036938e+001
  2.6000000e-002  8.8990632e+001
  2.7000000e-002  7.9847939e+001
  2.8000000e-002  8.1086526e+001
  2.9000000e-002  7.8451049e+001
  3.0000000e-002  8.2011771e+001
  3.1000000e-002  7.9591045e+001
  3.2000000e-002  8.0201736e+001
  3.3000000e-002  9.1229026e+001
  3.4000000e-002  9.4006594e+001
  3.5000000e-002  1.0132056e+002
  3.6000000e-002  1.0748928e+002
  3.7000000e-002  1.0694430e+002
  3.8000000e-002  1.0496316e+002
  3.9000000e-002  9.9510839e+001
  4.0000000e-002  9.1199758e+001
  4.1000000e-002  7.9615630e+001
  4.2000000e-002  7.3559397e+001
  4.3000000e-002  8.1306737e+001
  4.4000000e-002  9.0792113e+001
  4.5000000e-002  8.1233992e+001
  4.6000000e-002  7.3814036e+001
  4.7000000e-002  7.4277045e+001
  4.8000000e-002  7.6239672e+001
  4.9000000e-002  7.7203197e+001
  5.0000000e-002  7.5039255e+001
  5.1000000e-002  7.6811446e+001
  5.2000000e-002  7.8624811e+001
  5.3000000e-002  7.7578346e+001
  5.4000000e-002  7.0215364e+001
  5.5000000e-002  6.7907985e+001
  5.6000000e-002  6.1784689e+001
  5.7000000e-002  6.4588951e+001
  5.8000000e-002  8.5891506e+001
  5.9000000e-002  9.3564327e+001
  6.0000000e-002  9.0599773e+001
  6.1000000e-002  1.0108051e+002
  6.2000000e-002  9.1006819e+001
  6.3000000e-002  8.2982793e+001
  6.4000000e-002  9.2884892e+001
  6.5000000e-002  8.8213394e+001
  6.6000000e-002  8.5480331e+001
  6.7000000e-002  8.6240709e+001
  6.8000000e-002  9.5083510e+001
  6.9000000e-002  1.0103453e+002
  7.0000000e-002  9.1839933e+001
  7.1000000e-002  8.1556755e+001
  7.2000000e-002  7.0200385e+001
  7.3000000e-002  6.1216297e+001
  7.4000000e-002  5.6826599e+001
  7.5000000e-002  5.4826606e+001
  7.6000000e-002  5.4629598e+001
  7.7000000e-002  5.6513679e+001
  7.8000000e-002  6.0180487e+001
  7.9000000e-002  5.2640813e+001
  8.0000000e-002  4.0839353e+001
  8.1000000e-002  3.8530973e+001
  8.2000000e-002  5.2520810e+001
  8.3000000e-002  6.7482793e+001
  8.4000000e-002  6.5616167e+001
  8.5000000e-002  5.9902258e+001
  8.6000000e-002  5.7023453e+001
  8.7000000e-002  5.6149276e+001
  8.8000000e-002  4.8642959e+001
  8.9000000e-002  3.5754386e+001
  9.0000000e-002  4.1116636e+001
  9.1000000e-002  5.8987739e+001
  9.2000000e-002  5.8770763e+001
  9.3000000e-002  4.9770442e+001
  9.4000000e-002  4.7924488e+001
  9.5000000e-002  4.2066066e+001
  9.6000000e-002  4.4652451e+001
  9.7000000e-002  5.2590376e+001
  9.8000000e-002  5.6612428e+001
  9.9000000e-002  5.6085962e+001
  1.0000000e-001  6.2197542e+001
  1.0100000e-001  6.0632330e+001
  1.0200000e-001  5.6151223e+001
  1.0300000e-001  4.0096908e+001
  1.0400000e-001  2.8160608e+001
  1.0500000e-001  3.5839450e+001
  1.0600000e-001  3.4549847e+001
  1.0700000e-001  3.0887724e+001
  1.0800000e-001  3.4208799e+001
  1.0900000e-001  4.6934876e+001
  1.1000000e-001  7.0462610e+001
  1.1100000e-001  8.1738255e+001
  1.1200000e-001  7.1766608e+001
  1.1300000e-001  4.9467226e+001
  1.1400000e-001  3.9809100e+001
  1.1500000e-001  4.2032566e+001
  1.1600000e-001  3.1955989e+001
  1.1700000e-001  2.4896898e+001
  1.1800000e-001  2.7704629e+001
  1.1900000e-001  2.1358431e+001
  1.2000000e-001  1.5385597e+001
  1.2100000e-001  2.1670128e+001
  1.2200000e-001  2.3749346e+001
  1.2300000e-001  1.9050570e+001
  1.2400000e-001  4.2406642e+000
  1.2500000e-001  7.4670191e+000
  1.2600000e-001  2.7144071e+001
  1.2700000e-001  2.4969405e+001
  1.2800000e-001  1.8173449e+001
  1.2900000e-001  1.9011277e+001
  1.3000000e-001  1.6431516e+001
  1.3100000e-001  1.7106748e+001
  1.3200000e-001  2.0848333e+001
  1.3300000e-001  2.5591959e+001
  1.3400000e-001  2.2314744e+001
  1.3500000e-001  1.0705580e+001
  1.3600000e-001  1.1804294e+001
  1.3700000e-001  1.1711013e+001
  1.3800000e-001  1.0337816e+001
  1.3900000e-001  1.3551936e+001
  1.4000000e-001  1.3090661e+001
  1.4100000e-001  1.0245436e+001
  1.4200000e-001  6.0687000e+000
  1.4300000e-001  2.6539694e+000
  1.4400000e-001  7.3931817e+000
  1.4500000e-001  1.2129289e+001
  1.4600000e-001  2.1525169e+001
  1.4700000e-001  2.3408217e+001
  1.4800000e-001  2.3837540e+001
  1.4900000e-001  2.2431283e+001
  1.5000000e-001  2.5306585e+001
  1.5100000e-001  2.5658599e+001
  1.5200000e-001  2.7463550e+001
  1.5300000e-001  2.9751085e+001
  1.5400000e-001  2.4658724e+001
  1.5500000e-001  2.1169988e+001
  1.5600000e-001  1.4634978e+001
  1.5700000e-001  3.9214104e+000
  1.5800000e-001 -5.5349391e+000
  1.5900000e-001 -2.5205945e+000
  1.6000000e-001  7.6095216e+000
  1.6100000e-001  6.3102830e+000
  1.6200000e-001  2.9194635e+000
  1.6300000e-001  5.6782799e+000
  1.6400000e-001  1.7115458e+001
  1.6500000e-001  2.0054201e+001
  1.6600000e-001  1.1265088e+001
  1.6700000e-001 -2.1567905e+000
  1.6800000e-001 -8.6901299e+000
  1.6900000e-001 -9.0776183e+000
  1.7000000e-001  1.0816518e+000
  1.7100000e-001  1.4596401e+001
  1.7200000e-001  2.0245451e+001
  1.7300000e-001  1.6589373e+001
  1.7400000e-001  1.3141693e+001
  1.7500000e-001  1.7138973e+001
  1.7600000e-001  1.7301273e+001
  1.7700000e-001  1.2524496e+001
  1.7800000e-001  3.3513754e+000
  1.7900000e-001 -2.2041144e+000
  1.8000000e-001  5.8265956e+000
  1.8100000e-001  2.1614618e+001
  1.8200000e-001  3.6843657e+001
  1.8300000e-001  4.3562403e+001
  1.8400000e-001  3.9107137e+001
  1.8500000e-001  2.9168328e+001
  1.8600000e-001  2.1094464e+001
  1.8700000e-001  1.4758813e+001
  1.8800000e-001  1.4733522e+001
  1.8900000e-001  2.0878787e+001
  1.9000000e-001  2.1680990e+001
  1.9100000e-001  1.3586214e+001
  1.9200000e-001  1.2394415e+001
  1.9300000e-001  1.7691270e+001
  1.9400000e-001  9.5857484e+000
  1.9500000e-001  4.0882332e+000
  1.9600000e-001 -2.2074169e+000
  1.9700000e-001 -9.0122572e+000
  1.9800000e-001  1.0914064e+000
  1.9900000e-001  4.3055620e+000
  2.0000000e-001  6.1074266e+000
  2.0100000e-001  1.1852941e+001
  2.0200000e-001  1.3713319e+001
  2.0300000e-001  2.2959389e+001
  2.0400000e-001  2.4926857e+001
  2.0500000e-001  2.4586605e+001
  2.0600000e-001  1.9420999e+001
  2.0700000e-001 -4.6455840e-001
  2.0800000e-001 -4.4748830e+000
  2.0900000e-001 -8.7301790e-001
  2.1000000e-001  7.0988320e+000
  2.1100000e-001  1.0752597e+001
  2.1200000e-001  5.4348763e+000
  2.1300000e-001 -7.3606110e+000
  2.1400000e-001 -3.1275953e+000
  2.1500000e-001  9.0702720e+000
  2.1600000e-001  7.7982754e+000
  2.1700000e-001  7.0784160e+000
  2.1800000e-001  5.3261712e+000
  2.1900000e-001  5.3805470e-001
  2.2000000e-001 -5.3290296e+000
  2.2100000e-001 -4.3572799e+000
  2.2200000e-001  1.3224050e+001
  2.2300000e-001  2.6826426e+001
  2.2400000e-001  3.4811838e+001
  2.2500000e-001  3.3367073e+001
  2.2600000e-001  3.0878034e+001
  2.2700000e-001  3.3023190e+001
  2.2800000e-001  3.3389607e+001
  2.2900000e-001  4.1833104e+001
  2.3000000e-001  3.7218812e+001
  2.3100000e-001  1.3980783e+001
  2.3200000e-001  1.5728964e+001
  2.3300000e-001  2.1302485e+001
  2.3400000e-001  1.9346773e+001
  2.3500000e-001  2.5682832e+001
  2.3600000e-001  3.0572419e+001
  2.3700000e-001  3.9119259e+000
  2.3800000e-001 -1.9557777e+001
  2.3900000e-001 -9.3443630e+000
  2.4000000e-001  1.3519084e+001
  2.4100000e-001  3.0387857e+001
  2.4200000e-001  3.5849256e+001
  2.4300000e-001  2.4549081e+001
  2.4400000e-001  1.6363872e+001
  2.4500000e-001  1.7058423e+001
  2.4600000e-001 -6.3323104e+000
  2.4700000e-001 -2.0837185e+001
  2.4800000e-001 -2.7256050e+001
  2.4900000e-001 -1.6434275e+001
  2.5000000e-001  2.4706984e+000
  2.5100000e-001 -5.2509840e+000
  2.5200000e-001 -1.7409088e+001
  2.5300000e-001 -6.4262327e+000
  2.5400000e-001 -2.5329033e+000
  2.5500000e-001  2.0323498e-001
  2.5600000e-001  1.0816268e+001
  2.5700000e-001  1.7203261e+001
  2.5800000e-001  1.0189302e+001
  2.5900000e-001  2.3517930e+000
  2.6000000e-001 -1.1405192e+001
  2.6100000e-001 -2.2368361e+001
  2.6200000e-001 -1.3823513e+001
  2.6300000e-001 -1.3753634e+001
  2.6400000e-001 -2.8054615e+000
  2.6500000e-001  6.9819569e+000
  2.6600000e-001  1.1663932e+001
  2.6700000e-001  8.6214794e+000
  2.6800000e-001  8.0019594e-001
  2.6900000e-001 -3.2339473e+000
  2.7000000e-001 -5.0854807e+000
  2.7100000e-001 -3.3921464e+000
  2.7200000e-001  5.6788152e+000
  2.7300000e-001  1.9895866e+001
  2.7400000e-001  3.5233734e+001
  2.7500000e-001  2.9831988e+001
  2.7600000e-001  6.7004815e+000
  2.7700000e-001  8.6151441e+000
  2.7800000e-001  2.2428150e+001
  2.7900000e-001  3.1112949e+001
  2.8000000e-001  3.8743902e+001
  2.8100000e-001  3.4385242e+001
  2.8200000e-001  2.2963280e+001
  2.8300000e-001  1.8706003e+001
  2.8400000e-001  2.0300515e+001
  2.8500000e-001  1.7585433e+001
  2.8600000e-001  1.7351758e+001
  2.8700000e-001  1.6306050e+001
  2.8800000e-001  1.3389309e+001
  2.8900000e-001  1.2003593e+001
  2.9000000e-001  1.0730790e+001
  2.9100000e-001  4.1286010e+000
  2.9200000e-001 -3.3073043e+000
  2.9300000e-001  2.2357263e+000
  2.9400000e-001  8.5114244e+000
  2.9500000e-001  3.8849809e+000
  2.9600000e-001  5.6656871e+000
  2.9700000e-001  1.4770709e+001
  2.9800000e-001  1.8952732e+001
  2.9900000e-001  1.3113202e+001
  3.0000000e-001  1.2890676e+001
  3.0100000e-001  2.1605439e+001
  3.0200000e-001  3.5484509e+001
  3.0300000e-001  4.6227234e+001
  3.0400000e-001  4.4784445e+001
  3.0500000e-001  3.8616786e+001
  3.0600000e-001  2.4457572e+001
  3.0700000e-001  2.3894557e+001
  3.0800000e-001  2.5612823e+001
  3.0900000e-001  2.8021102e+001
  3.1000000e-001  1.7978336e+001
  3.1100000e-001  1.6950321e+001
  3.1200000e-001  1.7325413e+001
  3.1300000e-001  1.0028662e+001
  3.1400000e-001  4.7759306e+000
  3.1500000e-001  6.1511363e+000
  3.1600000e-001  8.1312995e+000
  3.1700000e-001  6.2370889e+000
  3.1800000e-001  2.0867837e-001
  3.1900000e-001 -8.6829747e+000
  3.2000000e-001 -1.5941921e+001
  3.2100000e-001 -8.4073305e+000
  3.2200000e-001  3.8640969e+000
  3.2300000e-001  1.1510419e+001
  3.2400000e-001  1.1503428e+001
  3.2500000e-001  6.4989908e+000
  3.2600000e-001  8.8240353e+000
  3.2700000e-001  1.5854893e+001
  3.2800000e-001  1.7229492e+001
  3.2900000e-001  1.2247529e+001
  3.3000000e-001  1.2825433e+001
  3.3100000e-001  1.5594394e+001
  3.3200000e-001  1.1236538e+001
  3.3300000e-001  1.6030569e+001
  3.3400000e-001  1.8811195e+001
  3.3500000e-001  2.0361943e+001
  3.3600000e-001  1.6463147e+001
  3.3700000e-001  2.0204684e+000
  3.3800000e-001 -4.6463444e+000
  3.3900000e-001 -1.3812114e+001
  3.4000000e-001 -2.0042769e+001
  3.4100000e-001 -2.0858228e+001
  3.4200000e-001 -5.5189573e+000
  3.4300000e-001  1.0062799e+001
  3.4400000e-001  7.5731813e+000
  3.4500000e-001  8.7064544e+000
  3.4600000e-001  8.1734412e+000
  3.4700000e-001  9.5335251e+000
  3.4800000e-001  1.2020299e+001
  3.4900000e-001  1.0541038e+001
  3.5000000e-001  9.9749677e+000
  3.5100000e-001  1.8128937e+001
  3.5200000e-001  2.6904580e+001
  3.5300000e-001  2.6646514e+001
  3.5400000e-001  1.7442989e+001
  3.5500000e-001  2.4769764e+000
  3.5600000e-001 -5.4860929e+000
  3.5700000e-001 -3.5907123e+000
  3.5800000e-001 -1.3955687e+000
  3.5900000e-001 -1.4819325e+001
  3.6000000e-001 -2.2662589e+001
  3.6100000e-001 -1.7922505e+001
  3.6200000e-001 -1.1002803e+001
  3.6300000e-001 -1.4792828e+001
  3.6400000e-001  5.1768785e-001
  3.6500000e-001  1.3365915e+000
  3.6600000e-001 -4.4734871e+000
  3.6700000e-001  1.3203860e+001
  3.6800000e-001  3.6756411e+001
  3.6900000e-001  5.2081808e+001
  3.7000000e-001  3.7509784e+001
  3.7100000e-001  2.1870164e+001
  3.7200000e-001  2.1570088e+001
  3.7300000e-001  3.1292276e+001
  3.7400000e-001  2.5160735e+001
  3.7500000e-001  9.2013807e+000
  3.7600000e-001  1.4125634e+001
  3.7700000e-001  1.3316893e+001
  3.7800000e-001  1.0103923e+001
  3.7900000e-001  8.2429434e+000
  3.8000000e-001  1.3570198e+001
  3.8100000e-001  9.6782087e+000
  3.8200000e-001  1.4920322e+001
  3.8300000e-001  1.3083983e+001
  3.8400000e-001  7.1581640e+000
  3.8500000e-001 -4.7051584e+000
  3.8600000e-001 -1.1708926e+001
  3.8700000e-001  8.0169439e-001
  3.8800000e-001 -2.8230538e+000
  3.8900000e-001 -1.6041396e+001
  3.9000000e-001 -4.6468183e+000
  3.9100000e-001  3.0237844e+000
  3.9200000e-001  8.0935985e+000
  3.9300000e-001  1.6081171e+001
  3.9400000e-001  1.0940356e+001
  3.9500000e-001 -2.3460079e+000
  3.9600000e-001 -1.8002197e+001
  3.9700000e-001 -3.0242956e+001
  3.9800000e-001 -2.2048240e+001
  3.9900000e-001 -1.2938683e+001
  4.0000000e-001 -4.8911957e+000
  4.0100000e-001  1.3083694e+000
  4.0200000e-001 -7.2267366e+000
  4.0300000e-001 -1.6381691e+001
  4.0400000e-001 -1.8980103e+001
  4.0500000e-001 -2.9137267e+001
  4.0600000e-001 -3.0806724e+001
  4.0700000e-001 -2.3150357e+001
  4.0800000e-001 -1.4999707e+001
  4.0900000e-001 -9.2209795e+000
  4.1000000e-001  4.5081377e-001
  4.1100000e-001  1.2805300e+001
  4.1200000e-001  2.5829011e+001
  4.1300000e-001  2.4461336e+001
  4.1400000e-001  1.6840977e+001
  4.1500000e-001  1.4501839e+001
  4.1600000e-001  1.6216038e+001
  4.1700000e-001  1.1238533e+001
  4.1800000e-001  4.4667109e+000
  4.1900000e-001  2.1959170e+000
  4.2000000e-001  1.4025284e+001
  4.2100000e-001  2.8332831e+001
  4.2200000e-001  2.4550038e+001
  4.2300000e-001  7.2239863e+000
  4.2400000e-001 -5.3748441e+000
  4.2500000e-001 -2.2691834e+000
  4.2600000e-001  9.1738973e+000
  4.2700000e-001  1.5388228e+001
  4.2800000e-001  1.4573928e+001
  4.2900000e-001  9.7526477e+000
  4.3000000e-001  8.8820180e+000
  4.3100000e-001  1.0283477e+001
  4.3200000e-001  9.8732609e-001
  4.3300000e-001 -1.7162896e+001
  4.3400000e-001 -1.9347251e+001
  4.3500000e-001  6.0985632e-001
  4.3600000e-001  2.3423155e+001
  4.3700000e-001  3.0814513e+001
  4.3800000e-001  2.5778205e+001
  4.3900000e-001  2.7437477e+001
  4.4000000e-001  3.4839451e+001
  4.4100000e-001  5.3083649e+001
  4.4200000e-001  4.6635867e+001
  4.4300000e-001  2.3047791e+001
  4.4400000e-001  2.4058900e+000
  4.4500000e-001  2.9504531e+000
  4.4600000e-001  1.0283234e+001
  4.4700000e-001  1.1173028e+001
  4.4800000e-001 -2.2389288e+000
  4.4900000e-001 -2.0729706e+001
  4.5000000e-001 -1.1260158e+001
  4.5100000e-001  7.1774462e+000
  4.5200000e-001  1.3521234e+001
  4.5300000e-001  6.4703746e+000
  4.5400000e-001  3.6362704e+000
  4.5500000e-001  1.8595565e+001
  4.5600000e-001  1.8888272e+001
  4.5700000e-001  7.0329783e+000
  4.5800000e-001  2.4658684e+001
  4.5900000e-001  5.5688260e+000
  4.6000000e-001 -6.0318010e+000
  4.6100000e-001  4.3871624e+000
  4.6200000e-001 -2.1222481e+001
  4.6300000e-001 -3.4608113e+001
  4.6400000e-001  4.2704617e+000
  4.6500000e-001  2.9660827e+001
  4.6600000e-001  1.8017200e+001
  4.6700000e-001  2.3094800e+001
  4.6800000e-001  8.9786346e+000
  4.6900000e-001  2.9385998e+000
  4.7000000e-001 -4.2902715e+000
  4.7100000e-001  1.0035395e+001
  4.7200000e-001  2.4290374e+001
  4.7300000e-001  9.3111445e+000
  4.7400000e-001  4.4845380e+000
  4.7500000e-001  2.6865939e+000
  4.7600000e-001 -2.2278976e+001
  4.7700000e-001 -3.0123553e+001
  4.7800000e-001 -2.2624168e+001
  4.7900000e-001  3.2651172e+000
  4.8000000e-001  1.1376297e+001
  4.8100000e-001  4.5604527e+000
  4.8200000e-001 -1.0266778e+001
  4.8300000e-001 -7.4257276e+000
  4.8400000e-001  2.4725466e+000
  4.8500000e-001  4.7789433e+000
  4.8600000e-001  2.0538649e+001
  4.8700000e-001  3.5331625e+001
  4.8800000e-001  1.4997499e+001
  4.8900000e-001 -4.5865447e+000
  4.9000000e-001  1.2046497e+000
  4.9100000e-001 -4.3512405e+000
  4.9200000e-001 -1.2425685e+001
  4.9300000e-001  4.2629643e+000
  4.9400000e-001  1.5100765e+001
  4.9500000e-001  1.2961604e+001
  4.9600000e-001  2.2451624e+001
  4.9700000e-001  1.8777478e+001
  4.9800000e-001  6.1897498e+000
  4.9900000e-001  3.6812474e+000
  5.0000000e-001 -1.5564839e+000
  5.0100000e-001  8.8676436e+000
  5.0200000e-001  1.9514056e+001
  5.0300000e-001  8.5546885e+000
  5.0400000e-001 -5.2971642e+000
  5.0500000e-001 -9.3381226e+000
  5.0600000e-001 -4.5420840e+000
  5.0700000e-001  4.2370731e+000
  5.0800000e-001  7.6422659e+000
  5.0900000e-001  9.1568735e+000
  5.1000000e-001  1.9956986e+000
  5.1100000e-001  8.7711852e-001
  5.1200000e-001 -1.2825837e+000
  5.1300000e-001  1.2801781e+000
  5.1400000e-001 -3.2579240e+000
  5.1500000e-001 -5.6462310e-001
  5.1600000e-001  5.5958265e+000
  5.1700000e-001  8.2349935e+000
  5.1800000e-001  5.1533770e+000
  5.1900000e-001  3.8434858e+000
  5.2000000e-001  8.3423919e+000
  5.2100000e-001  1.2370100e+001
  5.2200000e-001  1.3608584e+001
  5.2300000e-001  9.0863629e+000
  5.2400000e-001  2.7764773e+000
  5.2500000e-001  2.3626125e+000
  5.2600000e-001  7.0663884e+000
  5.2700000e-001  1.0000955e+001
  5.2800000e-001  9.1760300e+000
  5.2900000e-001  1.5822676e-001
  5.3000000e-001 -4.0027613e+000
  5.3100000e-001  1.9742915e+000
  5.3200000e-001  1.4069289e+001
  5.3300000e-001  2.1516546e+001
  5.3400000e-001  1.6963935e+001
  5.3500000e-001  2.4292820e+001
  5.3600000e-001  2.4432565e+001
  5.3700000e-001  1.0249535e+001
  5.3800000e-001 -1.1007720e+001
  5.3900000e-001 -2.3333998e+001
  5.4000000e-001 -2.1670977e+001
  5.4100000e-001 -1.0798748e+001
  5.4200000e-001 -1.7324081e+000
  5.4300000e-001  2.0942556e+000
  5.4400000e-001  9.0593627e+000
  5.4500000e-001  1.1774256e+000
  5.4600000e-001  7.5559915e+000
  5.4700000e-001  9.4737758e+000
  5.4800000e-001  5.6906543e+000
  5.4900000e-001  1.7506666e+001
  5.5000000e-001 -1.1374861e+001
  5.5100000e-001 -3.7196301e+001
  5.5200000e-001 -1.6420047e+001
  5.5300000e-001  3.5122521e+000
  5.5400000e-001  2.9354456e+001
  5.5500000e-001  1.8520537e+001
  5.5600000e-001  1.6191836e+001
  5.5700000e-001  2.9751220e+001
  5.5800000e-001  4.0612680e+001
  5.5900000e-001  2.4923175e+001
  5.6000000e-001  7.3031474e+000
  5.6100000e-001 -2.4555526e+000
  5.6200000e-001 -1.0105917e+001
  5.6300000e-001 -1.9646797e+001
  5.6400000e-001 -1.5296737e+001
  5.6500000e-001 -9.3673812e+000
  5.6600000e-001  3.9238773e-001
  5.6700000e-001  2.0244912e+000
  5.6800000e-001  2.0070660e+000
  5.6900000e-001 -3.4586471e-001
  5.7000000e-001 -1.2491917e+001
  5.7100000e-001  2.1766727e+000
  5.7200000e-001  1.1075958e+000
  5.7300000e-001  1.2402307e+000
  5.7400000e-001  2.3406861e+000
  5.7500000e-001  1.1022154e+001
  5.7600000e-001  2.6590369e+001
  5.7700000e-001  1.0596256e+001
  5.7800000e-001  1.2457800e+001
  5.7900000e-001  4.6510821e+000
  5.8000000e-001 -3.4294134e+000
  5.8100000e-001 -9.7555276e+000
  5.8200000e-001  1.8257918e+000
  5.8300000e-001  1.3914456e+001
  5.8400000e-001  3.3088819e+000
  5.8500000e-001 -3.6189173e+000
  5.8600000e-001 -5.5407115e-002
  5.8700000e-001  1.3648538e+001
  5.8800000e-001  2.4003100e+001
  5.8900000e-001  2.9024276e+001
  5.9000000e-001  2.9850452e+001
  5.9100000e-001  2.3328169e+001
  5.9200000e-001  2.2333777e+001
  5.9300000e-001  1.4129792e+001
  5.9400000e-001  1.0752734e+001
  5.9500000e-001  7.9129423e+000
  5.9600000e-001  1.5353888e+000
  5.9700000e-001  1.2696942e+000
  5.9800000e-001  9.0557689e+000
  5.9900000e-001  1.0994171e+001
  6.0000000e-001  7.1236370e+000
  6.0100000e-001  4.3678068e+000
  6.0200000e-001  1.1650194e+001
  6.0300000e-001  1.5058855e+001
  6.0400000e-001  2.3440463e+001
  6.0500000e-001  3.2117973e+001
  6.0600000e-001  2.6273215e+001
  6.0700000e-001  1.2664460e+001
  6.0800000e-001  3.3891913e+000
  6.0900000e-001 -1.3206232e-001
  6.1000000e-001  8.5351328e+000
  6.1100000e-001  1.1881623e+001
  6.1200000e-001 -1.3217708e+000
  6.1300000e-001 -9.1048481e+000
  6.1400000e-001 -5.9525855e+000
  6.1500000e-001 -1.0182851e+001
  6.1600000e-001 -1.1252211e+001
  6.1700000e-001 -2.5312570e-001
  6.1800000e-001  1.1916064e+001
  6.1900000e-001  1.0646124e+001
  6.2000000e-001  1.4385303e+001
  6.2100000e-001  1.9792480e+001
  6.2200000e-001  2.0060100e+001
  6.2300000e-001  3.1446922e+001
  6.2400000e-001  4.1937949e+001
  6.2500000e-001  3.0424181e+001
  6.2600000e-001  1.7871120e+001
  6.2700000e-001 -3.9215213e+000
  6.2800000e-001 -7.5782442e+000
  6.2900000e-001  6.5793164e-001
  6.3000000e-001  4.7441954e+000
  6.3100000e-001  8.4974306e+000
  6.3200000e-001  2.0748277e+000
  6.3300000e-001 -6.8895231e+000
  6.3400000e-001  8.5903618e+000
  6.3500000e-001  1.0734370e+000
  6.3600000e-001  8.1968640e+000
  6.3700000e-001 -6.3254066e+000
  6.3800000e-001 -5.4122921e+000
  6.3900000e-001 -1.6156859e+001
  6.4000000e-001 -1.1557238e+001
  6.4100000e-001 -4.8292027e+000
  6.4200000e-001 -1.2264776e+001
  6.4300000e-001 -2.1677874e+001
  6.4400000e-001 -1.3370953e+001
  6.4500000e-001  1.4294760e+000
  6.4600000e-001  9.9069686e+000
  6.4700000e-001  5.4225340e+000
  6.4800000e-001 -2.5024434e+000
  6.4900000e-001 -1.4942370e+001
  6.5000000e-001 -1.1430720e+001
  6.5100000e-001  7.4841669e+000
  6.5200000e-001  2.2511287e+000
  6.5300000e-001 -9.7429398e+000
  6.5400000e-001 -5.3998903e+000
  6.5500000e-001 -9.2657129e+000
  6.5600000e-001  5.3372989e+000
  6.5700000e-001  2.9120971e+001
  6.5800000e-001  4.0483823e+001
  6.5900000e-001  4.9140585e+001
  6.6000000e-001  4.1772017e+001
  6.6100000e-001  2.5745709e+001
  6.6200000e-001  3.0230034e+001
  6.6300000e-001  4.5276928e+001
  6.6400000e-001  3.0976626e+001
  6.6500000e-001  4.0171359e+000
  6.6600000e-001  9.2868758e-001
  6.6700000e-001  1.5421105e+001
  6.6800000e-001  2.5601660e+001
  6.6900000e-001  1.7694264e+001
  6.7000000e-001 -5.1137747e+000
  6.7100000e-001 -1.2167621e+001
  6.7200000e-001 -1.0892576e+000
  6.7300000e-001  5.1442878e+000
  6.7400000e-001  2.1396368e+001
  6.7500000e-001  3.7406006e+001
  6.7600000e-001  3.2592118e+001
  6.7700000e-001  1.8524078e+001
  6.7800000e-001  2.0602955e+001
  6.7900000e-001  8.6728630e+000
  6.8000000e-001  4.6339141e+000
  6.8100000e-001  1.4875586e+001
  6.8200000e-001  2.2320411e+001
  6.8300000e-001  1.7357377e+001
  6.8400000e-001  1.7596621e+001
  6.8500000e-001  2.6264826e+001
  6.8600000e-001  2.9027853e+001
  6.8700000e-001  2.2120855e+001
  6.8800000e-001  1.2559301e+001
  6.8900000e-001  1.2082701e+001
  6.9000000e-001 -8.3259506e-001
  6.9100000e-001  5.2063328e+000
  6.9200000e-001  1.8229360e+001
  6.9300000e-001  2.4797964e+000
  6.9400000e-001 -1.2733336e+001
  6.9500000e-001 -1.4815644e+001
  6.9600000e-001  8.8409119e+000
  6.9700000e-001  2.0276483e+001
  6.9800000e-001  1.0084314e+001
  6.9900000e-001  1.5645682e+000
  7.0000000e-001  1.6993414e+001
  7.0100000e-001  2.0930176e+001
  7.0200000e-001  7.8906713e+000
  7.0300000e-001  1.9094980e+001
  7.0400000e-001  3.4362220e+001
  7.0500000e-001  3.1330660e+001
  7.0600000e-001  6.8228173e+000
  7.0700000e-001  2.1418739e+000
  7.0800000e-001  2.4711190e+001
  7.0900000e-001  3.5479524e+001
  7.1000000e-001  2.4114373e+001
  7.1100000e-001  1.2244429e+001
  7.1200000e-001  8.3814971e+000
  7.1300000e-001  2.5819738e+001
  7.1400000e-001  4.2687344e+001
  7.1500000e-001  2.5308745e+001
  7.1600000e-001  2.7298039e+001
  7.1700000e-001  4.3645105e+001
  7.1800000e-001  3.3988088e+001
  7.1900000e-001  4.7786914e+001
  7.2000000e-001  5.0528562e+001
  7.2100000e-001  4.0252506e+001
  7.2200000e-001  3.2275768e+001
  7.2300000e-001  4.1581398e+001
  7.2400000e-001  3.4379036e+001
  7.2500000e-001  2.1984609e+001
  7.2600000e-001  4.1132230e+000
  7.2700000e-001  3.9545869e-001
  7.2800000e-001 -7.3993906e+000
  7.2900000e-001  1.2424790e+001
  7.3000000e-001  1.6714656e+001
  7.3100000e-001 -1.0232522e+001
  7.3200000e-001 -7.2933712e+000
  7.3300000e-001 -1.3951130e+001
  7.3400000e-001 -6.1967628e+000
  7.3500000e-001 -6.5792218e-001
  7.3600000e-001  8.2112177e+000
  7.3700000e-001  1.3811383e+001
  7.3800000e-001  3.2441184e+001
  7.3900000e-001  2.3970684e+001
  7.4000000e-001  2.4673417e+000
  7.4100000e-001 -5.0418030e-001
  7.4200000e-001  1.1425505e+001
  7.4300000e-001  2.8667439e+001
  7.4400000e-001  2.5129030e+001
  7.4500000e-001  1.0428702e+001
  7.4600000e-001  1.6874196e+001
  7.4700000e-001  2.8972866e+001
  7.4800000e-001  4.4244011e+001
  7.4900000e-001  3.2993465e+001
  7.5000000e-001  4.6476379e-001
  7.5100000e-001  6.4957163e-001
  7.5200000e-001  1.3831568e+001
  7.5300000e-001  9.2033292e+000
  7.5400000e-001  2.7875803e+000
  7.5500000e-001  1.8170984e+001
  7.5600000e-001  2.5889619e+001
  7.5700000e-001  3.9717009e+001
  7.5800000e-001  1.9662025e+001
  7.5900000e-001  4.3197794e+000
  7.6000000e-001  2.9436494e+001
  7.6100000e-001  4.6370865e+001
  7.6200000e-001  4.2125611e+001
  7.6300000e-001  7.9671143e+000
  7.6400000e-001 -1.1251374e+001
  7.6500000e-001 -1.4428975e+001
  7.6600000e-001 -7.0951771e+000
  7.6700000e-001  1.4519647e+001
  7.6800000e-001  2.8382462e+001
  7.6900000e-001  2.3269820e+001
  7.7000000e-001  1.0660207e+001
  7.7100000e-001  1.0542402e+001
  7.7200000e-001  4.8136210e+000
  7.7300000e-001  1.4996389e+001
  7.7400000e-001  2.0198148e+001
  7.7500000e-001  1.4932417e+001
  7.7600000e-001  1.0521816e+001
  7.7700000e-001  7.8118108e+000
  7.7800000e-001  1.4995121e+000
  7.7900000e-001  2.1025765e+001
  7.8000000e-001  3.1547382e+001
  7.8100000e-001  2.1273035e+001
  7.8200000e-001  3.0637686e+001
  7.8300000e-001  2.9290202e+001
  7.8400000e-001  2.3951834e+001
  7.8500000e-001  2.8033456e+001
  7.8600000e-001  2.3588645e+001
  7.8700000e-001  2.6560647e+001
  7.8800000e-001  2.0584014e+001
  7.8900000e-001  2.9198930e+001
  7.9000000e-001  3.4600869e+001
  7.9100000e-001  2.6317608e+001
  7.9200000e-001  1.5801777e+001
  7.9300000e-001  1.3076010e+001
  7.9400000e-001 -2.8427305e+000
  7.9500000e-001  7.8842172e+000
  7.9600000e-001  1.2452110e+001
  7.9700000e-001  1.0554508e+001
  7.9800000e-001  2.1164678e+001
  7.9900000e-001  1.0355459e+001
  8.0000000e-001  3.6540485e+000
  8.0100000e-001 -2.5561751e+000
  8.0200000e-001  5.0839678e+000
  8.0300000e-001  2.3040654e+001
  8.0400000e-001  3.5555795e+001
  8.0500000e-001  3.0395425e+001
  8.0600000e-001  2.7084049e+001
  8.0700000e-001  1.8663871e+001
  8.0800000e-001  6.4905894e-001
  8.0900000e-001  9.7368362e+000
  8.1000000e-001  8.6394157e+000
  8.1100000e-001  2.2329960e+001
  8.1200000e-001  2.5081293e+001
  8.1300000e-001  1.8372438e+001
  8.1400000e-001  6.4586893e+000
  8.1500000e-001  9.5006608e+000
  8.1600000e-001  8.9905643e+000
  8.1700000e-001 -6.9813315e+000
  8.1800000e-001  7.7684342e+000
  8.1900000e-001  2.8292361e+000
  8.2000000e-001  1.1169727e+001
  8.2100000e-001 -1.0273942e+001
  8.2200000e-001 -2.8108288e+001
  8.2300000e-001 -3.4650135e+000
  8.2400000e-001  1.2170108e+001
  8.2500000e-001  2.4218575e+001
  8.2600000e-001  2.3295223e+001
  8.2700000e-001  1.8826393e+001
  8.2800000e-001  4.6849374e+001
  8.2900000e-001  5.1114941e+001
  8.3000000e-001  2.9614119e+001
  8.3100000e-001  3.3000436e+001
  8.3200000e-001  4.2624984e+001
  8.3300000e-001  1.7830976e+001
  8.3400000e-001  1.6053304e+001
  8.3500000e-001  2.5994585e+001
  8.3600000e-001  3.3095148e+001
  8.3700000e-001  5.1392460e+001
  8.3800000e-001  2.8405484e+001
  8.3900000e-001  1.6682981e+001
  8.4000000e-001  4.1006807e+001
  8.4100000e-001  3.2745928e+001
  8.4200000e-001  1.8753273e+001
  8.4300000e-001  1.5121979e+001
  8.4400000e-001  1.4880139e+001
  8.4500000e-001  3.4536752e+001
  8.4600000e-001  4.0623873e+001
  8.4700000e-001  2.6986887e+001
  8.4800000e-001  4.7630345e+001
  8.4900000e-001  3.1918830e+001
  8.5000000e-001  2.3380641e+001
  8.5100000e-001  3.0419411e+001
  8.5200000e-001  3.4709077e+001
  8.5300000e-001  2.5101572e+001
  8.5400000e-001  1.0954129e+001
  8.5500000e-001  2.2804922e+000
  8.5600000e-001  3.5785313e+000
  8.5700000e-001  2.3099372e+001
  8.5800000e-001  4.3285426e+001
  8.5900000e-001  4.4141685e+001
  8.6000000e-001  4.6913819e+001
  8.6100000e-001  3.8277348e+001
  8.6200000e-001  3.5886884e+001
  8.6300000e-001  3.2351583e+001
  8.6400000e-001  4.8528100e+001
  8.6500000e-001  4.6440523e+001
  8.6600000e-001  4.2782893e+001
  8.6700000e-001  3.2704829e+001
  8.6800000e-001  2.6288015e+001
  8.6900000e-001  2.6217927e+001
  8.7000000e-001  1.8881283e+001
  8.7100000e-001  3.0532272e+001
  8.7200000e-001  2.5971782e+001
  8.7300000e-001  2.9227388e+001
  8.7400000e-001  2.5785456e+001
  8.7500000e-001  3.6350269e+001
  8.7600000e-001  4.4975655e+001
  8.7700000e-001  3.9577593e+001
  8.7800000e-001  3.2399186e+001
  8.7900000e-001  3.6435801e+001
  8.8000000e-001  3.1354809e+001
  8.8100000e-001  3.8297324e+001
  8.8200000e-001  6.7128385e+001
  8.8300000e-001  4.2876927e+001
  8.8400000e-001  1.6336676e+001
  8.8500000e-001  2.1259770e+001
  8.8600000e-001  2.2368116e+001
  8.8700000e-001  7.2244893e+000
  8.8800000e-001  2.8018149e+001
  8.8900000e-001  3.2179112e+001
  8.9000000e-001  2.9120183e+001
  8.9100000e-001  2.6609237e+001
  8.9200000e-001  2.8709615e+001
  8.9300000e-001  2.0968078e+001
  8.9400000e-001  1.9914105e+001
  8.9500000e-001  1.8112226e+001
  8.9600000e-001  2.6656314e+001
  8.9700000e-001  2.5866686e+001
  8.9800000e-001  2.5113796e+001
  8.9900000e-001  2.9866878e+001
  9.0000000e-001  2.8637220e+001
  9.0100000e-001  3.8556158e+001
  9.0200000e-001  2.3320022e+001
  9.0300000e-001  1.3131793e+001
  9.0400000e-001  2.4810964e+001
  9.0500000e-001  3.7683339e+001
  9.0600000e-001  3.1342862e+001
  9.0700000e-001  4.3446657e+001
  9.0800000e-001  3.6516269e+001
  9.0900000e-001  1.9642056e+001
  9.1000000e-001  1.1243903e+001
  9.1100000e-001  2.5769878e+001
  9.1200000e-001  2.5517470e+001
  9.1300000e-001  2.2185121e+001
  9.1400000e-001  2.4779232e+001
  9.1500000e-001  7.0770502e+000
  9.1600000e-001  9.9797225e+000
  9.1700000e-001  2.7632790e+001
  9.1800000e-001  2.5294926e+001
  9.1900000e-001  2.5519326e+001
  9.2000000e-001  3.8180734e+001
  9.2100000e-001  1.5734301e+001
  9.2200000e-001  1.8070682e+001
  9.2300000e-001  1.6534414e+001
  9.2400000e-001  6.4444115e+000
  9.2500000e-001 -1.5812790e+001
  9.2600000e-001 -4.2353051e+001
  9.2700000e-001 -5.3351156e+001
  9.2800000e-001 -4.8880174e+001
  9.2900000e-001 -4.8302169e+001
  9.3000000e-001 -6.0792236e+001
  9.3100000e-001 -6.4558971e+001
  9.3200000e-001 -4.5967294e+001
  9.3300000e-001 -4.7711503e+001
  9.3400000e-001 -4.8178139e+001
  9.3500000e-001 -4.7629470e+001
  9.3600000e-001 -5.0296240e+001
  9.3700000e-001 -4.3022924e+001
  9.3800000e-001 -3.0212110e+001
  9.3900000e-001 -3.0470178e+001
  9.4000000e-001 -3.3029676e+001
  9.4100000e-001 -4.0676907e+001
  9.4200000e-001 -2.3955876e+001
  9.4300000e-001 -1.9007359e+001
  9.4400000e-001 -2.8500115e+001
  9.4500000e-001 -4.0802602e+001
  9.4600000e-001 -3.3036077e+001
  9.4700000e-001 -3.1644576e+001
  9.4800000e-001 -3.6153982e+001
  9.4900000e-001 -3.6666071e+001
  9.5000000e-001 -1.0036833e+001
  9.5100000e-001 -4.4496490e+000
  9.5200000e-001 -2.4851976e+000
  9.5300000e-001  1.1390965e+000
  9.5400000e-001  8.4948099e-002
  9.5500000e-001  1.2558913e-001
  9.5600000e-001  1.0048983e-001
  9.5700000e-001  7.1020672e-002
  9.5800000e-001  4.2924548e-002
  9.5900000e-001  5.0495823e-003
  9.6000000e-001 -3.9289692e-005
  9.6100000e-001  0.0000000e+000
  9.6200000e-001  0.0000000e+000
  9.6300000e-001  0.0000000e+000
  9.6400000e-001  0.0000000e+000
  9.6500000e-001  0.0000000e+000
  9.6600000e-001  0.0000000e+000
  9.6700000e-001  0.0000000e+000
  9.6800000e-001  0.0000000e+000
  9.6900000e-001  0.0000000e+000
  9.7000000e-001  0.0000000e+000
  9.7100000e-001  0.0000000e+000
  9.7200000e-001  0.0000000e+000
  9.7300000e-001  0.0000000e+000
  9.7400000e-001  0.0000000e+000
  9.7500000e-001  0.0000000e+000
  9.7600000e-001  0.0000000e+000
  9.7700000e-001  0.0000000e+000
  9.7800000e-001  0.0000000e+000
  9.7900000e-001  0.0000000e+000
  9.8000000e-001  0.0000000e+000
  9.8100000e-001  0.0000000e+000
  9.8200000e-001  0.0000000e+000
  9.8300000e-001  0.0000000e+000
  9.8400000e-001  0.0000000e+000
  9.8500000e-001  0.0000000e+000
  9.8600000e-001  0.0000000e+000
  9.8700000e-001  0.0000000e+000
  9.8800000e-001  0.0000000e+000
  9.8900000e-001  0.0000000e+000
  9.9000000e-001  0.0000000e+000
  9.9100000e-001  0.0000000e+000
  9.9200000e-001  0.0000000e+000
  9.9300000e-001  0.0000000e+000
  9.9400000e-001  0.0000000e+000
  9.9500000e-001  0.0000000e+000
  9.9600000e-001  0.0000000e+000
  9.9700000e-001  0.0000000e+000
  9.9800000e-001  0.0000000e+000
  9.9900000e-001  0.0000000e+000
  1.0000000e+000  0.0000000e+000
