  0.0000000e+000  1.8790106e+001
  1.0000000e-003  3.7264520e+001
  2.0000000e-003  7.8263405e+001
  3.0000000e-003  1.1909170e+002
  4.0000000e-003  1.5506154e+002
  5.0000000e-003  1.8547394e+002
  6.0000000e-003  2.1280140e+002
  7.0000000e-003  2.3923032e+002
  8.0000000e-003  2.6304673e+002
  9.0000000e-003  2.8275654e+002
  1.0000000e-002  2.9961882e+002
  1.1000000e-002  3.0835070e+002
  1.2000000e-002  3.0288935e+002
  1.3000000e-002  2.8898207e+002
  1.4000000e-002  2.7257912e+002
  1.5000000e-002  2.5138220e+002
  1.6000000e-002  2.2455050e+002
  1.7000000e-002  1.9592447e+002
  1.8000000e-002  1.6963552e+002
  1.9000000e-002  1.4774408e+002
  2.0000000e-002  1.2979684e+002
  2.1000000e-002  1.1378129e+002
  2.2000000e-002  9.7231349e+001
  2.3000000e-002  8.0032300e+001
  2.4000000e-002  6.4337409e+001
  2.5000000e-002  5.1717168e+001
  2.6000000e-002  4.3336316e+001
  2.7000000e-002  3.9260127e+001
  2.8000000e-002  3.7304323e+001
  2.9000000e-002  3.3986639e+001
  3.0000000e-002  2.8014494e+001
  3.1000000e-002  2.1711318e+001
  3.2000000e-002  1.7576584e+001
  3.3000000e-002  1.5298211e+001
  3.4000000e-002  1.4164315e+001
  3.5000000e-002  1.2874960e+001
  3.6000000e-002  1.1045808e+001
  3.7000000e-002  9.2376152e+000
  3.8000000e-002  6.7695743e+000
  3.9000000e-002  4.1155256e+000
  4.0000000e-002  3.4355191e+000
  4.1000000e-002  3.4987060e+000
  4.2000000e-002  2.4524852e+000
  4.3000000e-002  1.0330229e+000
  4.4000000e-002  1.0359180e+000
  4.5000000e-002  2.4216818e+000
  4.6000000e-002  3.6369509e+000
  4.7000000e-002  3.2094685e+000
  4.8000000e-002  1.9530631e+000
  4.9000000e-002  1.3981393e+000
  5.0000000e-002  2.5045587e+000
  5.1000000e-002  4.1986671e+000
  5.2000000e-002  5.2982988e+000
  5.3000000e-002  5.2128661e+000
  5.4000000e-002  3.0450044e+000
  5.5000000e-002  5.8344469e-001
  5.6000000e-002  3.3578561e-001
  5.7000000e-002  2.4143745e+000
  5.8000000e-002  4.5616734e+000
  5.9000000e-002  4.9149332e+000
  6.0000000e-002  3.9611700e+000
  6.1000000e-002  3.5156688e+000
  6.2000000e-002  4.2114631e+000
  6.3000000e-002  5.0737690e+000
  6.4000000e-002  4.8721540e+000
  6.5000000e-002  3.8608474e+000
  6.6000000e-002  3.2221842e+000
  6.7000000e-002  3.6789905e+000
  6.8000000e-002  3.8565165e+000
  6.9000000e-002  2.7263557e+000
  7.0000000e-002  1.2720861e+000
  7.1000000e-002  9.1498140e-001
  7.2000000e-002  1.4207159e+000
  7.3000000e-002  2.0229170e+000
  7.4000000e-002  2.5526521e+000
  7.5000000e-002  2.9075491e+000
  7.6000000e-002  2.6570178e+000
  7.7000000e-002  1.7189592e+000
  7.8000000e-002  8.1099790e-001
  7.9000000e-002  8.2265109e-001
  8.0000000e-002  1.2924435e+000
  8.1000000e-002  1.2319528e+000
  8.2000000e-002  1.0031907e+000
  8.3000000e-002  1.3547752e+000
  8.4000000e-002  1.7325372e+000
  8.5000000e-002  1.7142238e+000
  8.6000000e-002  1.9197454e+000
  8.7000000e-002  2.4748501e+000
  8.8000000e-002  2.3750151e+000
  8.9000000e-002  1.6165112e+000
  9.0000000e-002  1.7968458e+000
  9.1000000e-002  4.2386247e+000
  9.2000000e-002  7.6508027e+000
  9.3000000e-002  9.1827577e+000
  9.4000000e-002  8.8449885e+000
  9.5000000e-002  9.4412445e+000
  9.6000000e-002  1.2053898e+001
  9.7000000e-002  1.5268138e+001
  9.8000000e-002  1.7831128e+001
  9.9000000e-002  1.9993966e+001
  1.0000000e-001  2.3076207e+001
  1.0100000e-001  2.7886617e+001
  1.0200000e-001  3.5170038e+001
  1.0300000e-001  4.7295125e+001
  1.0400000e-001  6.5963010e+001
  1.0500000e-001  9.7622622e+001
  1.0600000e-001  1.5005068e+002
  1.0700000e-001  2.2144027e+002
  1.0800000e-001  2.9543103e+002
  1.0900000e-001  3.6452316e+002
  1.1000000e-001  4.2066438e+002
  1.1100000e-001  4.4970076e+002
  1.1200000e-001  4.4768624e+002
  1.1300000e-001  4.2236339e+002
  1.1400000e-001  3.7779707e+002
  1.1500000e-001  3.2148911e+002
  1.1600000e-001  2.7683732e+002
  1.1700000e-001  2.5104353e+002
  1.1800000e-001  2.3305497e+002
  1.1900000e-001  2.1503395e+002
  1.2000000e-001  1.9805749e+002
  1.2100000e-001  1.8286397e+002
  1.2200000e-001  1.7112208e+002
  1.2300000e-001  1.6312400e+002
  1.2400000e-001  1.5340180e+002
  1.2500000e-001  1.3964693e+002
  1.2600000e-001  1.2877694e+002
  1.2700000e-001  1.2618185e+002
  1.2800000e-001  1.2905568e+002
  1.2900000e-001  1.3117168e+002
  1.3000000e-001  1.2948950e+002
  1.3100000e-001  1.2545306e+002
  1.3200000e-001  1.2087260e+002
  1.3300000e-001  1.1589904e+002
  1.3400000e-001  1.0967416e+002
  1.3500000e-001  1.0180686e+002
  1.3600000e-001  9.7032253e+001
  1.3700000e-001  1.0019758e+002
  1.3800000e-001  1.0972175e+002
  1.3900000e-001  1.1984345e+002
  1.4000000e-001  1.2690345e+002
  1.4100000e-001  1.3202405e+002
  1.4200000e-001  1.3240484e+002
  1.4300000e-001  1.2730174e+002
  1.4400000e-001  1.2201376e+002
  1.4500000e-001  1.2258414e+002
  1.4600000e-001  1.3063418e+002
  1.4700000e-001  1.4255830e+002
  1.4800000e-001  1.5496442e+002
  1.4900000e-001  1.7005925e+002
  1.5000000e-001  1.8710733e+002
  1.5100000e-001  2.0011040e+002
  1.5200000e-001  2.0594960e+002
  1.5300000e-001  2.1195323e+002
  1.5400000e-001  2.2669171e+002
  1.5500000e-001  2.4431873e+002
  1.5600000e-001  2.5556800e+002
  1.5700000e-001  2.5925191e+002
  1.5800000e-001  2.5771836e+002
  1.5900000e-001  2.5239933e+002
  1.6000000e-001  2.4395390e+002
  1.6100000e-001  2.2889804e+002
  1.6200000e-001  2.0514670e+002
  1.6300000e-001  1.8009884e+002
  1.6400000e-001  1.6323455e+002
  1.6500000e-001  1.4976946e+002
  1.6600000e-001  1.2952806e+002
  1.6700000e-001  1.0358920e+002
  1.6800000e-001  8.1335581e+001
  1.6900000e-001  6.3570187e+001
  1.7000000e-001  4.4939617e+001
  1.7100000e-001  2.7006000e+001
  1.7200000e-001  1.6479115e+001
  1.7300000e-001  1.3209559e+001
  1.7400000e-001  8.4311871e+000
  1.7500000e-001 -5.3622935e-001
  1.7600000e-001 -8.3197467e+000
  1.7700000e-001 -1.0746949e+001
  1.7800000e-001 -1.2424392e+001
  1.7900000e-001 -1.8875317e+001
  1.8000000e-001 -2.8728645e+001
  1.8100000e-001 -3.4135040e+001
  1.8200000e-001 -3.1924394e+001
  1.8300000e-001 -2.8694547e+001
  1.8400000e-001 -2.9449303e+001
  1.8500000e-001 -3.3020256e+001
  1.8600000e-001 -3.5942585e+001
  1.8700000e-001 -3.4466030e+001
  1.8800000e-001 -2.5192281e+001
  1.8900000e-001 -1.0998284e+001
  1.9000000e-001  1.3639602e+000
  1.9100000e-001  7.7676023e+000
  1.9200000e-001  1.0616866e+001
  1.9300000e-001  1.5156162e+001
  1.9400000e-001  2.2701907e+001
  1.9500000e-001  3.0804142e+001
  1.9600000e-001  3.8121248e+001
  1.9700000e-001  4.4976661e+001
  1.9800000e-001  5.1342004e+001
  1.9900000e-001  5.4286460e+001
  2.0000000e-001  5.2154922e+001
  2.0100000e-001  4.6023499e+001
  2.0200000e-001  4.0261241e+001
  2.0300000e-001  3.8197611e+001
  2.0400000e-001  3.5980901e+001
  2.0500000e-001  3.1343700e+001
  2.0600000e-001  2.9649178e+001
  2.0700000e-001  3.6276464e+001
  2.0800000e-001  4.6062587e+001
  2.0900000e-001  4.9189404e+001
  2.1000000e-001  4.5757495e+001
  2.1100000e-001  4.3713709e+001
  2.1200000e-001  4.7828902e+001
  2.1300000e-001  5.6228807e+001
  2.1400000e-001  6.4201654e+001
  2.1500000e-001  7.0553275e+001
  2.1600000e-001  7.5005726e+001
  2.1700000e-001  7.7248037e+001
  2.1800000e-001  7.6669517e+001
  2.1900000e-001  7.2928826e+001
  2.2000000e-001  6.6326973e+001
  2.2100000e-001  6.2061523e+001
  2.2200000e-001  6.7035299e+001
  2.2300000e-001  7.8782278e+001
  2.2400000e-001  8.5653034e+001
  2.2500000e-001  8.1526558e+001
  2.2600000e-001  7.3369348e+001
  2.2700000e-001  7.0864656e+001
  2.2800000e-001  7.7026390e+001
  2.2900000e-001  9.1724150e+001
  2.3000000e-001  1.0338849e+002
  2.3100000e-001  9.8640038e+001
  2.3200000e-001  7.9974511e+001
  2.3300000e-001  6.3534117e+001
  2.3400000e-001  5.7326307e+001
  2.3500000e-001  5.2459158e+001
  2.3600000e-001  4.7435066e+001
  2.3700000e-001  4.5876259e+001
  2.3800000e-001  4.5177793e+001
  2.3900000e-001  4.2708726e+001
  2.4000000e-001  4.1120796e+001
  2.4100000e-001  4.3951740e+001
  2.4200000e-001  5.0061393e+001
  2.4300000e-001  5.4773979e+001
  2.4400000e-001  5.5261192e+001
  2.4500000e-001  5.1915225e+001
  2.4600000e-001  4.7491611e+001
  2.4700000e-001  4.3150386e+001
  2.4800000e-001  3.9527941e+001
  2.4900000e-001  3.7079396e+001
  2.5000000e-001  3.5422164e+001
  2.5100000e-001  3.5550724e+001
  2.5200000e-001  3.8640919e+001
  2.5300000e-001  4.3548269e+001
  2.5400000e-001  4.8363851e+001
  2.5500000e-001  5.2408622e+001
  2.5600000e-001  5.6520076e+001
  2.5700000e-001  5.9938665e+001
  2.5800000e-001  6.2828381e+001
  2.5900000e-001  6.6895825e+001
  2.6000000e-001  7.1287786e+001
  2.6100000e-001  7.0836764e+001
  2.6200000e-001  6.7036252e+001
  2.6300000e-001  6.8770867e+001
  2.6400000e-001  7.5320987e+001
  2.6500000e-001  7.6855208e+001
  2.6600000e-001  7.1031232e+001
  2.6700000e-001  6.4757180e+001
  2.6800000e-001  6.3040817e+001
  2.6900000e-001  6.5240262e+001
  2.7000000e-001  6.7475403e+001
  2.7100000e-001  6.6849811e+001
  2.7200000e-001  6.4276447e+001
  2.7300000e-001  5.8578046e+001
  2.7400000e-001  4.7025135e+001
  2.7500000e-001  3.5200174e+001
  2.7600000e-001  3.1880935e+001
  2.7700000e-001  3.6106473e+001
  2.7800000e-001  3.9295027e+001
  2.7900000e-001  4.0411235e+001
  2.8000000e-001  4.2107779e+001
  2.8100000e-001  4.3536757e+001
  2.8200000e-001  4.1519043e+001
  2.8300000e-001  4.0406612e+001
  2.8400000e-001  4.7793241e+001
  2.8500000e-001  6.1498180e+001
  2.8600000e-001  7.0044126e+001
  2.8700000e-001  6.9751134e+001
  2.8800000e-001  6.5880896e+001
  2.8900000e-001  6.2608224e+001
  2.9000000e-001  6.0142986e+001
  2.9100000e-001  6.0726339e+001
  2.9200000e-001  6.1395971e+001
  2.9300000e-001  5.6434006e+001
  2.9400000e-001  4.9607725e+001
  2.9500000e-001  5.0644417e+001
  2.9600000e-001  5.6555779e+001
  2.9700000e-001  5.7275675e+001
  2.9800000e-001  5.1932243e+001
  2.9900000e-001  4.8238555e+001
  3.0000000e-001  5.1748987e+001
  3.0100000e-001  5.7246587e+001
  3.0200000e-001  5.8198093e+001
  3.0300000e-001  5.6173568e+001
  3.0400000e-001  5.9609669e+001
  3.0500000e-001  7.0884224e+001
  3.0600000e-001  8.4121445e+001
  3.0700000e-001  9.2338404e+001
  3.0800000e-001  9.5857136e+001
  3.0900000e-001  9.4180327e+001
  3.1000000e-001  8.6753226e+001
  3.1100000e-001  7.4587322e+001
  3.1200000e-001  6.3764499e+001
  3.1300000e-001  5.6164933e+001
  3.1400000e-001  4.9971456e+001
  3.1500000e-001  4.8287860e+001
  3.1600000e-001  5.6545524e+001
  3.1700000e-001  7.0552371e+001
  3.1800000e-001  8.0785462e+001
  3.1900000e-001  8.4944491e+001
  3.2000000e-001  8.4969458e+001
  3.2100000e-001  7.9325574e+001
  3.2200000e-001  6.9911789e+001
  3.2300000e-001  6.4096003e+001
  3.2400000e-001  6.3220112e+001
  3.2500000e-001  6.4016326e+001
  3.2600000e-001  6.5493713e+001
  3.2700000e-001  6.7792063e+001
  3.2800000e-001  6.8719027e+001
  3.2900000e-001  6.6867111e+001
  3.3000000e-001  6.3156870e+001
  3.3100000e-001  6.1073620e+001
  3.3200000e-001  6.2179805e+001
  3.3300000e-001  6.4679578e+001
  3.3400000e-001  6.6980456e+001
  3.3500000e-001  6.8936824e+001
  3.3600000e-001  7.1536665e+001
  3.3700000e-001  7.5356480e+001
  3.3800000e-001  7.7215854e+001
  3.3900000e-001  7.5283683e+001
  3.4000000e-001  7.2918032e+001
  3.4100000e-001  7.3444906e+001
  3.4200000e-001  7.5333762e+001
  3.4300000e-001  7.5119620e+001
  3.4400000e-001  7.2584718e+001
  3.4500000e-001  6.9490000e+001
  3.4600000e-001  6.7798418e+001
  3.4700000e-001  6.7016709e+001
  3.4800000e-001  6.5371035e+001
  3.4900000e-001  6.3434273e+001
  3.5000000e-001  6.5084318e+001
  3.5100000e-001  6.9931595e+001
  3.5200000e-001  7.3286852e+001
  3.5300000e-001  7.5506059e+001
  3.5400000e-001  7.9411385e+001
  3.5500000e-001  8.3285480e+001
  3.5600000e-001  8.4577926e+001
  3.5700000e-001  8.6214155e+001
  3.5800000e-001  8.9078675e+001
  3.5900000e-001  8.8455584e+001
  3.6000000e-001  8.2234453e+001
  3.6100000e-001  7.4471073e+001
  3.6200000e-001  6.7378461e+001
  3.6300000e-001  6.1169172e+001
  3.6400000e-001  5.7023971e+001
  3.6500000e-001  5.6368408e+001
  3.6600000e-001  5.8435450e+001
  3.6700000e-001  6.1588922e+001
  3.6800000e-001  6.3408480e+001
  3.6900000e-001  6.3330232e+001
  3.7000000e-001  6.1519660e+001
  3.7100000e-001  5.8576607e+001
  3.7200000e-001  5.3384129e+001
  3.7300000e-001  4.6957530e+001
  3.7400000e-001  4.1261820e+001
  3.7500000e-001  3.8663812e+001
  3.7600000e-001  4.1949888e+001
  3.7700000e-001  5.1393966e+001
  3.7800000e-001  6.2308563e+001
  3.7900000e-001  6.6138116e+001
  3.8000000e-001  6.0384184e+001
  3.8100000e-001  5.1567221e+001
  3.8200000e-001  4.3975483e+001
  3.8300000e-001  3.6725181e+001
  3.8400000e-001  3.1989007e+001
  3.8500000e-001  3.3252317e+001
  3.8600000e-001  3.5428280e+001
  3.8700000e-001  3.5208248e+001
  3.8800000e-001  3.5520897e+001
  3.8900000e-001  4.0921771e+001
  3.9000000e-001  4.8249210e+001
  3.9100000e-001  5.5770819e+001
  3.9200000e-001  5.9771563e+001
  3.9300000e-001  5.8071106e+001
  3.9400000e-001  5.2969158e+001
  3.9500000e-001  5.0640545e+001
  3.9600000e-001  5.0741444e+001
  3.9700000e-001  4.9518369e+001
  3.9800000e-001  4.9713246e+001
  3.9900000e-001  5.4287503e+001
  4.0000000e-001  5.8086562e+001
  4.0100000e-001  5.4716209e+001
  4.0200000e-001  4.9058944e+001
  4.0300000e-001  4.9022465e+001
  4.0400000e-001  5.4555859e+001
  4.0500000e-001  5.9883971e+001
  4.0600000e-001  6.3679068e+001
  4.0700000e-001  6.6792027e+001
  4.0800000e-001  6.7021452e+001
  4.0900000e-001  6.3205950e+001
  4.1000000e-001  5.8867716e+001
  4.1100000e-001  5.7774472e+001
  4.1200000e-001  5.7453105e+001
  4.1300000e-001  5.4213867e+001
  4.1400000e-001  5.0370398e+001
  4.1500000e-001  4.8731811e+001
  4.1600000e-001  4.7362936e+001
  4.1700000e-001  4.6249762e+001
  4.1800000e-001  4.8750158e+001
  4.1900000e-001  5.2971435e+001
  4.2000000e-001  5.4813522e+001
  4.2100000e-001  5.5928588e+001
  4.2200000e-001  5.7937355e+001
  4.2300000e-001  5.7997158e+001
  4.2400000e-001  5.5210493e+001
  4.2500000e-001  5.3412553e+001
  4.2600000e-001  5.4273961e+001
  4.2700000e-001  5.6889730e+001
  4.2800000e-001  5.8954284e+001
  4.2900000e-001  5.8957608e+001
  4.3000000e-001  5.8839509e+001
  4.3100000e-001  6.0696682e+001
  4.3200000e-001  6.1080208e+001
  4.3300000e-001  5.6237551e+001
  4.3400000e-001  4.8983542e+001
  4.3500000e-001  4.4777749e+001
  4.3600000e-001  4.3683578e+001
  4.3700000e-001  4.4000057e+001
  4.3800000e-001  4.5468256e+001
  4.3900000e-001  4.9512204e+001
  4.4000000e-001  5.5923588e+001
  4.4100000e-001  6.1518875e+001
  4.4200000e-001  6.1410859e+001
  4.4300000e-001  5.7944990e+001
  4.4400000e-001  5.5653859e+001
  4.4500000e-001  5.5246316e+001
  4.4600000e-001  5.5900513e+001
  4.4700000e-001  5.8250807e+001
  4.4800000e-001  6.1111908e+001
  4.4900000e-001  6.2167365e+001
  4.5000000e-001  6.1664125e+001
  4.5100000e-001  6.1675876e+001
  4.5200000e-001  6.4349003e+001
  4.5300000e-001  6.9068936e+001
  4.5400000e-001  7.1804834e+001
  4.5500000e-001  7.1068866e+001
  4.5600000e-001  6.8915073e+001
  4.5700000e-001  6.7812483e+001
  4.5800000e-001  6.8562291e+001
  4.5900000e-001  7.1238227e+001
  4.6000000e-001  7.4805724e+001
  4.6100000e-001  7.6563661e+001
  4.6200000e-001  7.3532329e+001
  4.6300000e-001  6.7376880e+001
  4.6400000e-001  6.1487997e+001
  4.6500000e-001  5.5328833e+001
  4.6600000e-001  4.8892801e+001
  4.6700000e-001  4.5684599e+001
  4.6800000e-001  4.6255695e+001
  4.6900000e-001  4.8496741e+001
  4.7000000e-001  5.1423356e+001
  4.7100000e-001  5.4482278e+001
  4.7200000e-001  5.6775744e+001
  4.7300000e-001  6.1049512e+001
  4.7400000e-001  6.8063817e+001
  4.7500000e-001  7.5039677e+001
  4.7600000e-001  7.9369230e+001
  4.7700000e-001  8.1626458e+001
  4.7800000e-001  8.0879615e+001
  4.7900000e-001  7.5516010e+001
  4.8000000e-001  6.8075360e+001
  4.8100000e-001  6.3393878e+001
  4.8200000e-001  6.1554448e+001
  4.8300000e-001  6.0159820e+001
  4.8400000e-001  6.0440380e+001
  4.8500000e-001  6.2599059e+001
  4.8600000e-001  6.1974210e+001
  4.8700000e-001  5.6626509e+001
  4.8800000e-001  3.0841637e+002
  4.8900000e-001  4.5305529e+002
  4.9000000e-001 -5.8273002e+002
  4.9100000e-001 -3.2052185e+003
  4.9200000e-001 -5.6397549e+003
  4.9300000e-001 -6.5653119e+003
  4.9400000e-001 -6.5566086e+003
  4.9500000e-001 -5.5977056e+003
  4.9600000e-001 -3.1218278e+003
  4.9700000e-001 -5.1843150e+002
  4.9800000e-001  4.6508086e+002
  4.9900000e-001  2.9726455e+002
  5.0000000e-001  5.2882186e+001
  5.0100000e-001  5.8590609e+001
  5.0200000e-001  6.2477858e+001
  5.0300000e-001  6.4187387e+001
  5.0400000e-001  6.0025933e+001
  5.0500000e-001  4.9251066e+001
  5.0600000e-001  3.9111150e+001
  5.0700000e-001  3.4965495e+001
  5.0800000e-001  3.4475073e+001
  5.0900000e-001  3.6960390e+001
  5.1000000e-001  4.2746828e+001
  5.1100000e-001  4.7383488e+001
  5.1200000e-001  4.7401018e+001
  5.1300000e-001  4.4798567e+001
  5.1400000e-001  4.1442036e+001
  5.1500000e-001  3.7477431e+001
  5.1600000e-001  3.4902424e+001
  5.1700000e-001  3.3613584e+001
  5.1800000e-001  3.2261281e+001
  5.1900000e-001  3.1610137e+001
  5.2000000e-001  3.1314091e+001
  5.2100000e-001  3.0060123e+001
  5.2200000e-001  3.0079501e+001
  5.2300000e-001  3.4890446e+001
  5.2400000e-001  4.4569798e+001
  5.2500000e-001  5.6982195e+001
  5.2600000e-001  6.8365183e+001
  5.2700000e-001  7.4209182e+001
  5.2800000e-001  7.3114940e+001
  5.2900000e-001  6.9104149e+001
  5.3000000e-001  6.5046816e+001
  5.3100000e-001  6.1296127e+001
  5.3200000e-001  5.6952943e+001
  5.3300000e-001  5.3419710e+001
  5.3400000e-001  5.0800034e+001
  5.3500000e-001  4.7441590e+001
  5.3600000e-001  4.1343453e+001
  5.3700000e-001  3.4639424e+001
  5.3800000e-001  3.0195634e+001
  5.3900000e-001  2.8210547e+001
  5.4000000e-001  2.8334961e+001
  5.4100000e-001  3.1311019e+001
  5.4200000e-001  3.7452798e+001
  5.4300000e-001  4.5841677e+001
  5.4400000e-001  5.3776843e+001
  5.4500000e-001  5.7549407e+001
  5.4600000e-001  5.7463858e+001
  5.4700000e-001  5.7044568e+001
  5.4800000e-001  5.6925110e+001
  5.4900000e-001  5.3479423e+001
  5.5000000e-001  4.6352201e+001
  5.5100000e-001  3.6771528e+001
  5.5200000e-001  2.7251445e+001
  5.5300000e-001  2.0846644e+001
  5.5400000e-001  1.8471277e+001
  5.5500000e-001  2.0211978e+001
  5.5600000e-001  2.6886931e+001
  5.5700000e-001  3.6811428e+001
  5.5800000e-001  4.6394650e+001
  5.5900000e-001  5.4938781e+001
  5.6000000e-001  5.9404928e+001
  5.6100000e-001  5.6902553e+001
  5.6200000e-001  5.0588242e+001
  5.6300000e-001  4.7147191e+001
  5.6400000e-001  4.6126163e+001
  5.6500000e-001  4.4119092e+001
  5.6600000e-001  4.3074536e+001
  5.6700000e-001  4.5958506e+001
  5.6800000e-001  4.8972626e+001
  5.6900000e-001  4.8589278e+001
  5.7000000e-001  4.6936130e+001
  5.7100000e-001  4.7517413e+001
  5.7200000e-001  4.9626667e+001
  5.7300000e-001  5.3180913e+001
  5.7400000e-001  5.9756587e+001
  5.7500000e-001  6.6125895e+001
  5.7600000e-001  6.5401667e+001
  5.7700000e-001  5.8745261e+001
  5.7800000e-001  5.2700336e+001
  5.7900000e-001  4.7496426e+001
  5.8000000e-001  4.2986284e+001
  5.8100000e-001  4.3675797e+001
  5.8200000e-001  4.9551275e+001
  5.8300000e-001  5.3186694e+001
  5.8400000e-001  5.3347802e+001
  5.8500000e-001  5.6949026e+001
  5.8600000e-001  6.5093346e+001
  5.8700000e-001  7.0876211e+001
  5.8800000e-001  6.9951431e+001
  5.8900000e-001  6.4925218e+001
  5.9000000e-001  5.8454044e+001
  5.9100000e-001  5.1435099e+001
  5.9200000e-001  4.4313186e+001
  5.9300000e-001  4.0344626e+001
  5.9400000e-001  3.9074936e+001
  5.9500000e-001  3.8050264e+001
  5.9600000e-001  3.6629724e+001
  5.9700000e-001  3.6277981e+001
  5.9800000e-001  3.6097432e+001
  5.9900000e-001  3.6000143e+001
  6.0000000e-001  3.4874836e+001
  6.0100000e-001  3.1244699e+001
  6.0200000e-001  2.5996470e+001
  6.0300000e-001  1.9587347e+001
  6.0400000e-001  1.2417176e+001
  6.0500000e-001  7.5740590e+000
  6.0600000e-001  7.3365476e+000
  6.0700000e-001  9.9188779e+000
  6.0800000e-001  1.4730712e+001
  6.0900000e-001  2.0229558e+001
  6.1000000e-001  2.4107670e+001
  6.1100000e-001  2.6598521e+001
  6.1200000e-001  2.9676387e+001
  6.1300000e-001  3.2987598e+001
  6.1400000e-001  3.5123947e+001
  6.1500000e-001  3.6602522e+001
  6.1600000e-001  3.7613261e+001
  6.1700000e-001  3.6713282e+001
  6.1800000e-001  3.5281558e+001
  6.1900000e-001  3.5661529e+001
  6.2000000e-001  3.6403818e+001
  6.2100000e-001  3.7394507e+001
  6.2200000e-001  3.8999716e+001
  6.2300000e-001  3.8793954e+001
  6.2400000e-001  3.7070665e+001
  6.2500000e-001  3.6225386e+001
  6.2600000e-001  3.5841315e+001
  6.2700000e-001  3.5832009e+001
  6.2800000e-001  3.6370104e+001
  6.2900000e-001  3.5163521e+001
  6.3000000e-001  3.2296043e+001
  6.3100000e-001  3.2992501e+001
  6.3200000e-001  3.7529643e+001
  6.3300000e-001  4.0831262e+001
  6.3400000e-001  4.2118252e+001
  6.3500000e-001  4.4681487e+001
  6.3600000e-001  4.7915057e+001
  6.3700000e-001  5.0057234e+001
  6.3800000e-001  5.1159134e+001
  6.3900000e-001  5.4934677e+001
  6.4000000e-001  6.2889001e+001
  6.4100000e-001  7.1399895e+001
  6.4200000e-001  7.3859211e+001
  6.4300000e-001  7.1522391e+001
  6.4400000e-001  6.9991289e+001
  6.4500000e-001  6.9299933e+001
  6.4600000e-001  6.5002337e+001
  6.4700000e-001  5.8278638e+001
  6.4800000e-001  5.2670979e+001
  6.4900000e-001  4.6788793e+001
  6.5000000e-001  3.8763116e+001
  6.5100000e-001  3.1113497e+001
  6.5200000e-001  2.7273564e+001
  6.5300000e-001  2.8212560e+001
  6.5400000e-001  3.0980236e+001
  6.5500000e-001  3.1011732e+001
  6.5600000e-001  2.7965301e+001
  6.5700000e-001  2.4805641e+001
  6.5800000e-001  2.0672026e+001
  6.5900000e-001  1.4697492e+001
  6.6000000e-001  1.0770948e+001
  6.6100000e-001  1.1388776e+001
  6.6200000e-001  1.5745724e+001
  6.6300000e-001  2.3519509e+001
  6.6400000e-001  3.2879067e+001
  6.6500000e-001  3.7218604e+001
  6.6600000e-001  3.2959013e+001
  6.6700000e-001  2.3999978e+001
  6.6800000e-001  2.0062548e+001
  6.6900000e-001  2.6498709e+001
  6.7000000e-001  3.8573363e+001
  6.7100000e-001  4.5140261e+001
  6.7200000e-001  4.4139639e+001
  6.7300000e-001  4.1363608e+001
  6.7400000e-001  3.9513091e+001
  6.7500000e-001  3.5787038e+001
  6.7600000e-001  3.3431084e+001
  6.7700000e-001  3.8876728e+001
  6.7800000e-001  5.0619903e+001
  6.7900000e-001  5.8107624e+001
  6.8000000e-001  5.6820449e+001
  6.8100000e-001  5.2600226e+001
  6.8200000e-001  5.1155228e+001
  6.8300000e-001  5.1148384e+001
  6.8400000e-001  5.1138333e+001
  6.8500000e-001  5.3068457e+001
  6.8600000e-001  5.6487184e+001
  6.8700000e-001  5.4832508e+001
  6.8800000e-001  4.6241021e+001
  6.8900000e-001  3.8044943e+001
  6.9000000e-001  3.2279596e+001
  6.9100000e-001  2.4462787e+001
  6.9200000e-001  1.7561524e+001
  6.9300000e-001  1.8902335e+001
  6.9400000e-001  2.6433566e+001
  6.9500000e-001  3.3688350e+001
  6.9600000e-001  3.7444181e+001
  6.9700000e-001  3.6317123e+001
  6.9800000e-001  3.1761243e+001
  6.9900000e-001  2.7195790e+001
  7.0000000e-001  2.6039787e+001
  7.0100000e-001  2.9776906e+001
  7.0200000e-001  3.8477402e+001
  7.0300000e-001  4.5958193e+001
  7.0400000e-001  5.0430934e+001
  7.0500000e-001  5.7481399e+001
  7.0600000e-001  6.7363018e+001
  7.0700000e-001  6.9856810e+001
  7.0800000e-001  6.4308070e+001
  7.0900000e-001  6.1217076e+001
  7.1000000e-001  6.3160702e+001
  7.1100000e-001  6.2101572e+001
  7.1200000e-001  5.7067680e+001
  7.1300000e-001  5.2029707e+001
  7.1400000e-001  4.3296426e+001
  7.1500000e-001  2.9979854e+001
  7.1600000e-001  2.5031985e+001
  7.1700000e-001  3.2872111e+001
  7.1800000e-001  4.3394865e+001
  7.1900000e-001  5.1277006e+001
  7.2000000e-001  5.9778664e+001
  7.2100000e-001  6.3683608e+001
  7.2200000e-001  5.7521500e+001
  7.2300000e-001  4.8519100e+001
  7.2400000e-001  4.6924847e+001
  7.2500000e-001  5.0597560e+001
  7.2600000e-001  5.4707973e+001
  7.2700000e-001  5.8342218e+001
  7.2800000e-001  5.9217976e+001
  7.2900000e-001  5.2772841e+001
  7.3000000e-001  3.9633573e+001
  7.3100000e-001  2.4286288e+001
  7.3200000e-001  1.0811414e+001
  7.3300000e-001  3.2793424e+000
  7.3400000e-001  4.4725519e+000
  7.3500000e-001  1.1642582e+001
  7.3600000e-001  1.9773419e+001
  7.3700000e-001  2.5760800e+001
  7.3800000e-001  2.8252412e+001
  7.3900000e-001  2.9579016e+001
  7.4000000e-001  3.4864024e+001
  7.4100000e-001  4.4738038e+001
  7.4200000e-001  5.3703530e+001
  7.4300000e-001  5.8126589e+001
  7.4400000e-001  5.8822701e+001
  7.4500000e-001  5.8575207e+001
  7.4600000e-001  6.0275097e+001
  7.4700000e-001  6.4699239e+001
  7.4800000e-001  6.9000538e+001
  7.4900000e-001  6.9951035e+001
  7.5000000e-001  6.5746473e+001
  7.5100000e-001  5.7500768e+001
  7.5200000e-001  4.9919514e+001
  7.5300000e-001  4.6963091e+001
  7.5400000e-001  4.8934190e+001
  7.5500000e-001  5.2599592e+001
  7.5600000e-001  5.4395103e+001
  7.5700000e-001  5.4029841e+001
  7.5800000e-001  5.4809050e+001
  7.5900000e-001  5.7767604e+001
  7.6000000e-001  5.8172824e+001
  7.6100000e-001  5.1849374e+001
  7.6200000e-001  4.4285365e+001
  7.6300000e-001  4.4252320e+001
  7.6400000e-001  4.9171023e+001
  7.6500000e-001  4.9500949e+001
  7.6600000e-001  4.3610455e+001
  7.6700000e-001  3.7793772e+001
  7.6800000e-001  3.7705244e+001
  7.6900000e-001  4.2877749e+001
  7.7000000e-001  4.7709430e+001
  7.7100000e-001  4.8317490e+001
  7.7200000e-001  4.4886271e+001
  7.7300000e-001  3.9460688e+001
  7.7400000e-001  3.4060746e+001
  7.7500000e-001  3.1290700e+001
  7.7600000e-001  3.4016923e+001
  7.7700000e-001  4.0951882e+001
  7.7800000e-001  4.6330714e+001
  7.7900000e-001  4.7417350e+001
  7.8000000e-001  4.9279201e+001
  7.8100000e-001  5.7288104e+001
  7.8200000e-001  6.7090897e+001
  7.8300000e-001  7.3374933e+001
  7.8400000e-001  7.6772065e+001
  7.8500000e-001  7.7978208e+001
  7.8600000e-001  7.6163991e+001
  7.8700000e-001  7.1679674e+001
  7.8800000e-001  6.5463734e+001
  7.8900000e-001  5.8027492e+001
  7.9000000e-001  5.1518783e+001
  7.9100000e-001  4.9269014e+001
  7.9200000e-001  5.1600183e+001
  7.9300000e-001  5.4015789e+001
  7.9400000e-001  5.4597821e+001
  7.9500000e-001  5.5852143e+001
  7.9600000e-001  5.5574752e+001
  7.9700000e-001  5.1915071e+001
  7.9800000e-001  4.8490305e+001
  7.9900000e-001  4.7633871e+001
  8.0000000e-001  4.6448502e+001
  8.0100000e-001  4.1940873e+001
  8.0200000e-001  3.7071462e+001
  8.0300000e-001  3.5047529e+001
  8.0400000e-001  3.1639638e+001
  8.0500000e-001  2.1506792e+001
  8.0600000e-001  9.9882798e+000
  8.0700000e-001  8.8697412e+000
  8.0800000e-001  1.9973661e+001
  8.0900000e-001  3.3043616e+001
  8.1000000e-001  4.0714769e+001
  8.1100000e-001  4.2375183e+001
  8.1200000e-001  4.0657095e+001
  8.1300000e-001  3.8378992e+001
  8.1400000e-001  3.8594431e+001
  8.1500000e-001  4.2148997e+001
  8.1600000e-001  4.8954632e+001
  8.1700000e-001  5.6033973e+001
  8.1800000e-001  6.1216368e+001
  8.1900000e-001  6.5908045e+001
  8.2000000e-001  6.9773474e+001
  8.2100000e-001  6.6795886e+001
  8.2200000e-001  5.6776931e+001
  8.2300000e-001  4.6733656e+001
  8.2400000e-001  4.1814649e+001
  8.2500000e-001  3.8323228e+001
  8.2600000e-001  3.1490813e+001
  8.2700000e-001  2.1693695e+001
  8.2800000e-001  1.4969312e+001
  8.2900000e-001  1.6938652e+001
  8.3000000e-001  2.8496543e+001
  8.3100000e-001  4.3245093e+001
  8.3200000e-001  5.4342567e+001
  8.3300000e-001  5.7798255e+001
  8.3400000e-001  5.4937494e+001
  8.3500000e-001  5.0869885e+001
  8.3600000e-001  5.2164146e+001
  8.3700000e-001  5.7355028e+001
  8.3800000e-001  6.1446974e+001
  8.3900000e-001  6.5098277e+001
  8.4000000e-001  7.0072813e+001
  8.4100000e-001  7.0752000e+001
  8.4200000e-001  6.5994532e+001
  8.4300000e-001  6.3379850e+001
  8.4400000e-001  6.9809794e+001
  8.4500000e-001  8.0169350e+001
  8.4600000e-001  8.2355372e+001
  8.4700000e-001  7.3540792e+001
  8.4800000e-001  6.4095753e+001
  8.4900000e-001  5.9259631e+001
  8.5000000e-001  5.5610516e+001
  8.5100000e-001  4.8874702e+001
  8.5200000e-001  3.8454419e+001
  8.5300000e-001  2.9878308e+001
  8.5400000e-001  3.2246221e+001
  8.5500000e-001  4.5297773e+001
  8.5600000e-001  5.8271663e+001
  8.5700000e-001  6.3053247e+001
  8.5800000e-001  6.0345943e+001
  8.5900000e-001  5.6373990e+001
  8.6000000e-001  5.6854787e+001
  8.6100000e-001  6.2134625e+001
  8.6200000e-001  6.6779793e+001
  8.6300000e-001  6.7176245e+001
  8.6400000e-001  6.7747791e+001
  8.6500000e-001  7.3848089e+001
  8.6600000e-001  7.9148767e+001
  8.6700000e-001  7.6404024e+001
  8.6800000e-001  7.1220632e+001
  8.6900000e-001  6.8720687e+001
  8.7000000e-001  6.4988555e+001
  8.7100000e-001  6.0739969e+001
  8.7200000e-001  6.2450885e+001
  8.7300000e-001  6.5885864e+001
  8.7400000e-001  6.5960777e+001
  8.7500000e-001  6.6916528e+001
  8.7600000e-001  6.8696405e+001
  8.7700000e-001  6.0912917e+001
  8.7800000e-001  4.3527901e+001
  8.7900000e-001  2.8355458e+001
  8.8000000e-001  2.0374192e+001
  8.8100000e-001  1.7880912e+001
  8.8200000e-001  2.2467878e+001
  8.8300000e-001  3.3115466e+001
  8.8400000e-001  4.1068512e+001
  8.8500000e-001  3.8293888e+001
  8.8600000e-001  2.7790505e+001
  8.8700000e-001  1.9786489e+001
  8.8800000e-001  2.0301729e+001
  8.8900000e-001  2.3978594e+001
  8.9000000e-001  2.2650352e+001
  8.9100000e-001  1.8647792e+001
  8.9200000e-001  1.9063483e+001
  8.9300000e-001  2.5252063e+001
  8.9400000e-001  3.1012907e+001
  8.9500000e-001  3.0045618e+001
  8.9600000e-001  2.5398222e+001
  8.9700000e-001  2.5461770e+001
  8.9800000e-001  3.1061170e+001
  8.9900000e-001  3.8317888e+001
  9.0000000e-001  4.6193782e+001
  9.0100000e-001  5.1113735e+001
  9.0200000e-001  4.8510866e+001
  9.0300000e-001  4.0883544e+001
  9.0400000e-001  3.1496731e+001
  9.0500000e-001  2.1145368e+001
  9.0600000e-001  1.6950630e+001
  9.0700000e-001  2.1725498e+001
  9.0800000e-001  2.8230339e+001
  9.0900000e-001  3.2593873e+001
  9.1000000e-001  3.4462185e+001
  9.1100000e-001  3.0277112e+001
  9.1200000e-001  2.4289931e+001
  9.1300000e-001  2.4568033e+001
  9.1400000e-001  3.0913661e+001
  9.1500000e-001  3.8711929e+001
  9.1600000e-001  4.3903189e+001
  9.1700000e-001  4.0612371e+001
  9.1800000e-001  3.0686067e+001
  9.1900000e-001  2.5135921e+001
  9.2000000e-001  2.8666347e+001
  9.2100000e-001  3.3672432e+001
  9.2200000e-001  3.4981140e+001
  9.2300000e-001  3.4162843e+001
  9.2400000e-001  3.3188676e+001
  9.2500000e-001  3.2155190e+001
  9.2600000e-001  3.2324141e+001
  9.2700000e-001  3.3801660e+001
  9.2800000e-001  3.4098239e+001
  9.2900000e-001  3.1339251e+001
  9.3000000e-001  2.6448594e+001
  9.3100000e-001  2.0001654e+001
  9.3200000e-001  1.2513468e+001
  9.3300000e-001  5.3913615e+000
  9.3400000e-001  2.3209055e+000
  9.3500000e-001  6.7942070e+000
  9.3600000e-001  1.5186964e+001
  9.3700000e-001  2.0379841e+001
  9.3800000e-001  2.2760345e+001
  9.3900000e-001  2.5201589e+001
  9.4000000e-001  2.5739255e+001
  9.4100000e-001  2.7084654e+001
  9.4200000e-001  3.9293959e+001
  9.4300000e-001  5.3209482e+001
  9.4400000e-001  5.0955388e+001
  9.4500000e-001  3.7884414e+001
  9.4600000e-001  3.2270349e+001
  9.4700000e-001  3.1926178e+001
  9.4800000e-001  2.9115005e+001
  9.4900000e-001  2.6418305e+001
  9.5000000e-001  2.8514988e+001
  9.5100000e-001  3.1840623e+001
  9.5200000e-001  3.2833144e+001
  9.5300000e-001  3.0735731e+001
  9.5400000e-001  2.6747197e+001
  9.5500000e-001  2.0661593e+001
  9.5600000e-001  1.1482743e+001
  9.5700000e-001  3.7573649e+000
  9.5800000e-001  2.6193725e+000
  9.5900000e-001  3.0854465e+000
  9.6000000e-001 -1.2298548e-001
  9.6100000e-001 -2.3139388e-001
  9.6200000e-001  7.7254445e+000
  9.6300000e-001  1.6125488e+001
  9.6400000e-001  2.3889384e+001
  9.6500000e-001  3.7985406e+001
  9.6600000e-001  5.3123875e+001
  9.6700000e-001  5.7775351e+001
  9.6800000e-001  5.0729313e+001
  9.6900000e-001  3.8568130e+001
  9.7000000e-001  2.6428699e+001
  9.7100000e-001  1.6575098e+001
  9.7200000e-001  1.2510304e+001
  9.7300000e-001  1.7278623e+001
  9.7400000e-001  2.5066464e+001
  9.7500000e-001  2.8753082e+001
  9.7600000e-001  2.9419626e+001
  9.7700000e-001  3.0703085e+001
  9.7800000e-001  3.1776460e+001
  9.7900000e-001  3.2299929e+001
  9.8000000e-001  2.9587114e+001
  9.8100000e-001  2.1795867e+001
  9.8200000e-001  1.4380138e+001
  9.8300000e-001  1.2270162e+001
  9.8400000e-001  1.1586870e+001
  9.8500000e-001  9.4186871e+000
  9.8600000e-001  7.9506338e+000
  9.8700000e-001  7.8790308e+000
  9.8800000e-001  9.6822958e+000
  9.8900000e-001  1.5624493e+001
  9.9000000e-001  2.0942864e+001
  9.9100000e-001  1.8840825e+001
  9.9200000e-001  1.1483129e+001
  9.9300000e-001  5.6588905e+000
  9.9400000e-001  2.8372233e+000
  9.9500000e-001  1.6504458e+000
  9.9600000e-001  4.5510919e+000
  9.9700000e-001  1.4014544e+001
  9.9800000e-001  1.7675222e+001
  9.9900000e-001  8.3576198e+000
  1.0000000e+000  8.8507419e-001
  1.0010000e+000  4.5979282e+000
  1.0020000e+000  6.2075403e+000
  1.0030000e+000 -9.4086821e-001
  1.0040000e+000 -6.5939642e+000
  1.0050000e+000 -2.6802832e+000
  1.0060000e+000  5.7565873e+000
  1.0070000e+000  1.0499817e+001
  1.0080000e+000  1.1471300e+001
  1.0090000e+000  1.2773457e+001
  1.0100000e+000  1.6702682e+001
  1.0110000e+000  1.9723202e+001
  1.0120000e+000  1.5415019e+001
  1.0130000e+000  2.3123741e+000
  1.0140000e+000 -1.1664846e+001
  1.0150000e+000 -1.9588642e+001
  1.0160000e+000 -2.1351350e+001
  1.0170000e+000 -1.7749235e+001
  1.0180000e+000 -7.0611257e+000
  1.0190000e+000  8.6527754e+000
  1.0200000e+000  2.2342951e+001
  1.0210000e+000  2.9649355e+001
  1.0220000e+000  3.3542538e+001
  1.0230000e+000  3.8545179e+001
  1.0240000e+000  4.0517660e+001
  1.0250000e+000  3.4798684e+001
  1.0260000e+000  2.7350410e+001
  1.0270000e+000  2.3864335e+001
  1.0280000e+000  2.0083424e+001
  1.0290000e+000  1.3512762e+001
  1.0300000e+000  8.3583493e+000
  1.0310000e+000  6.1774712e+000
  1.0320000e+000  3.1951848e+000
  1.0330000e+000 -3.5497740e+000
  1.0340000e+000 -1.0676286e+001
  1.0350000e+000 -1.0780628e+001
  1.0360000e+000 -3.5389739e+000
  1.0370000e+000  2.6927414e+000
  1.0380000e+000  1.5720397e+000
  1.0390000e+000 -5.4779493e+000
  1.0400000e+000 -1.2280121e+001
  1.0410000e+000 -1.0972919e+001
  1.0420000e+000 -9.7126561e-001
  1.0430000e+000  7.8357973e+000
  1.0440000e+000  9.8673951e+000
  1.0450000e+000  8.5925509e+000
  1.0460000e+000  4.5947499e+000
  1.0470000e+000 -3.1208719e+000
  1.0480000e+000 -8.9921095e+000
  1.0490000e+000 -1.1694379e+001
  1.0500000e+000 -1.2561495e+001
  1.0510000e+000 -1.2002831e+001
  1.0520000e+000 -8.9849916e+000
  1.0530000e+000 -2.9340244e+000
  1.0540000e+000  5.2365933e+000
  1.0550000e+000  1.0700173e+001
  1.0560000e+000  1.4079728e+001
  1.0570000e+000  1.6385657e+001
  1.0580000e+000  1.7006964e+001
  1.0590000e+000  2.0283458e+001
  1.0600000e+000  2.8004543e+001
  1.0610000e+000  3.1551414e+001
  1.0620000e+000  2.5378470e+001
  1.0630000e+000  1.5853495e+001
  1.0640000e+000  7.3300038e+000
  1.0650000e+000 -9.3946317e-001
  1.0660000e+000 -8.0463673e+000
  1.0670000e+000 -6.7556043e+000
  1.0680000e+000  2.8330603e+000
  1.0690000e+000  1.0067788e+001
  1.0700000e+000  1.0881317e+001
  1.0710000e+000  1.6054746e+001
  1.0720000e+000  2.8899797e+001
  1.0730000e+000  3.6018848e+001
  1.0740000e+000  2.8551464e+001
  1.0750000e+000  1.6167379e+001
  1.0760000e+000  1.0231496e+001
  1.0770000e+000  7.6036621e+000
  1.0780000e+000  2.8224127e+000
  1.0790000e+000  1.7628773e+000
  1.0800000e+000  1.1964140e+001
  1.0810000e+000  2.6441450e+001
  1.0820000e+000  3.3124246e+001
  1.0830000e+000  3.0079192e+001
  1.0840000e+000  2.1806183e+001
  1.0850000e+000  1.1752015e+001
  1.0860000e+000  5.7686820e+000
  1.0870000e+000  6.2634539e+000
  1.0880000e+000  7.1096072e+000
  1.0890000e+000  4.6400995e+000
  1.0900000e+000  2.8697693e+000
  1.0910000e+000  3.8706070e+000
  1.0920000e+000  6.9518033e+000
  1.0930000e+000  1.3223524e+001
  1.0940000e+000  2.0847809e+001
  1.0950000e+000  2.2386227e+001
  1.0960000e+000  1.6690137e+001
  1.0970000e+000  9.8384344e+000
  1.0980000e+000  4.9916201e+000
  1.0990000e+000  3.3254669e+000
  1.1000000e+000  4.4865511e+000
  1.1010000e+000  6.0595938e+000
  1.1020000e+000  6.9016967e+000
  1.1030000e+000  9.3283451e+000
  1.1040000e+000  1.3503403e+001
  1.1050000e+000  1.7038560e+001
  1.1060000e+000  1.7418785e+001
  1.1070000e+000  1.5058546e+001
  1.1080000e+000  1.2776872e+001
  1.1090000e+000  1.3715972e+001
  1.1100000e+000  1.5995781e+001
  1.1110000e+000  1.2057959e+001
  1.1120000e+000  6.6284624e-002
  1.1130000e+000 -1.4703673e+001
  1.1140000e+000 -2.4897903e+001
  1.1150000e+000 -2.4624970e+001
  1.1160000e+000 -1.3731722e+001
  1.1170000e+000 -1.8121173e+000
  1.1180000e+000  3.0556891e+000
  1.1190000e+000  3.0674313e+000
  1.1200000e+000  2.1363698e+000
  1.1210000e+000 -1.5760730e+000
  1.1220000e+000 -9.5223032e+000
  1.1230000e+000 -1.6249809e+001
  1.1240000e+000 -1.6061906e+001
  1.1250000e+000 -1.1118678e+001
  1.1260000e+000 -8.7770763e+000
  1.1270000e+000 -1.1362489e+001
  1.1280000e+000 -1.4435218e+001
  1.1290000e+000 -1.4958966e+001
  1.1300000e+000 -1.5223027e+001
  1.1310000e+000 -1.8608179e+001
  1.1320000e+000 -2.4225783e+001
  1.1330000e+000 -2.5456750e+001
  1.1340000e+000 -1.7835179e+001
  1.1350000e+000 -4.8813087e+000
  1.1360000e+000  6.0877865e+000
  1.1370000e+000  1.2786924e+001
  1.1380000e+000  1.6136365e+001
  1.1390000e+000  1.6326669e+001
  1.1400000e+000  1.2234272e+001
  1.1410000e+000  7.0132632e+000
  1.1420000e+000  5.0103793e+000
  1.1430000e+000  9.5916023e+000
  1.1440000e+000  2.0733111e+001
  1.1450000e+000  3.2155450e+001
  1.1460000e+000  3.8808268e+001
  1.1470000e+000  4.0069559e+001
  1.1480000e+000  3.3694526e+001
  1.1490000e+000  2.0880846e+001
  1.1500000e+000  9.8951423e+000
  1.1510000e+000  3.5912997e+000
  1.1520000e+000  1.0080461e+000
  1.1530000e+000  1.3851092e+000
  1.1540000e+000  2.8402570e+000
  1.1550000e+000  4.3249241e+000
  1.1560000e+000  4.6084893e+000
  1.1570000e+000  2.1320398e+000
  1.1580000e+000 -1.3932666e+000
  1.1590000e+000 -5.3521190e+000
  1.1600000e+000 -1.4970002e+001
  1.1610000e+000 -2.8031843e+001
  1.1620000e+000 -3.6146841e+001
  1.1630000e+000 -3.5664356e+001
  1.1640000e+000 -2.8554378e+001
  1.1650000e+000 -1.8039985e+001
  1.1660000e+000 -9.1459156e+000
  1.1670000e+000 -2.6658688e+000
  1.1680000e+000  2.7443561e+000
  1.1690000e+000  5.3643405e+000
  1.1700000e+000  8.0802040e+000
  1.1710000e+000  1.2184674e+001
  1.1720000e+000  1.0088798e+001
  1.1730000e+000  1.5418481e+000
  1.1740000e+000 -2.1524396e+000
  1.1750000e+000  6.6236309e-001
  1.1760000e+000  2.0306733e+000
  1.1770000e+000  1.8190472e-001
  1.1780000e+000 -2.1303902e+000
  1.1790000e+000 -3.8321492e+000
  1.1800000e+000 -1.3903209e+000
  1.1810000e+000  9.4318306e+000
  1.1820000e+000  2.1696180e+001
  1.1830000e+000  2.7248661e+001
  1.1840000e+000  2.6661306e+001
  1.1850000e+000  2.3176502e+001
  1.1860000e+000  1.9221556e+001
  1.1870000e+000  1.8031372e+001
  1.1880000e+000  1.5570170e+001
  1.1890000e+000  1.0789515e+001
  1.1900000e+000  9.1105540e+000
  1.1910000e+000  1.0414623e+001
  1.1920000e+000  1.0570996e+001
  1.1930000e+000  1.2157260e+001
  1.1940000e+000  1.6290235e+001
  1.1950000e+000  1.8994910e+001
  1.1960000e+000  1.9803671e+001
  1.1970000e+000  2.1259974e+001
  1.1980000e+000  2.1432317e+001
  1.1990000e+000  1.6120934e+001
  1.2000000e+000  5.9869383e+000
  1.2010000e+000 -3.9482865e+000
  1.2020000e+000 -1.0474894e+001
  1.2030000e+000 -1.1867084e+001
  1.2040000e+000 -6.9947494e+000
  1.2050000e+000  1.0794781e+000
  1.2060000e+000  3.5634410e+000
  1.2070000e+000 -2.0987561e+000
  1.2080000e+000 -8.4006288e+000
  1.2090000e+000 -9.5838220e+000
  1.2100000e+000 -1.0663134e+001
  1.2110000e+000 -1.3065498e+001
  1.2120000e+000 -9.6164250e+000
  1.2130000e+000  8.0271801e-001
  1.2140000e+000  4.4995198e+000
  1.2150000e+000 -4.6346756e+000
  1.2160000e+000 -1.5061673e+001
  1.2170000e+000 -1.6342794e+001
  1.2180000e+000 -1.0112744e+001
  1.2190000e+000 -1.1596528e+000
  1.2200000e+000  3.0701661e+000
  1.2210000e+000 -1.6814566e+000
  1.2220000e+000 -8.7974569e+000
  1.2230000e+000 -7.8656154e+000
  1.2240000e+000  1.6650657e+000
  1.2250000e+000  1.2731195e+001
  1.2260000e+000  1.7015029e+001
  1.2270000e+000  1.1212346e+001
  1.2280000e+000  1.8425110e+000
  1.2290000e+000 -3.4060270e+000
  1.2300000e+000 -4.1325818e+000
  1.2310000e+000 -8.9742528e-001
  1.2320000e+000  6.3751176e+000
  1.2330000e+000  1.1075628e+001
  1.2340000e+000  8.1193519e+000
  1.2350000e+000  2.6570819e-001
  1.2360000e+000 -5.5153642e+000
  1.2370000e+000 -3.3250327e+000
  1.2380000e+000  7.7321218e+000
  1.2390000e+000  1.9957310e+001
  1.2400000e+000  2.3774859e+001
  1.2410000e+000  1.6769089e+001
  1.2420000e+000  3.8649355e+000
  1.2430000e+000 -8.7474143e+000
  1.2440000e+000 -1.7816170e+001
  1.2450000e+000 -2.2508809e+001
  1.2460000e+000 -2.1066068e+001
  1.2470000e+000 -1.7281771e+001
  1.2480000e+000 -1.7521449e+001
  1.2490000e+000 -2.0909474e+001
  1.2500000e+000 -2.1989918e+001
  1.2510000e+000 -1.9346730e+001
  1.2520000e+000 -1.2302824e+001
  1.2530000e+000 -3.0461251e+000
  1.2540000e+000  3.3081075e+000
  1.2550000e+000  5.4756391e+000
  1.2560000e+000  4.9823897e+000
  1.2570000e+000  2.1204584e+000
  1.2580000e+000 -3.8980472e+000
  1.2590000e+000 -1.1325874e+001
  1.2600000e+000 -1.7682106e+001
  1.2610000e+000 -1.8826337e+001
  1.2620000e+000 -1.3296305e+001
  1.2630000e+000 -3.3068470e+000
  1.2640000e+000  7.6131638e+000
  1.2650000e+000  1.7772933e+001
  1.2660000e+000  2.4279321e+001
  1.2670000e+000  2.6031543e+001
  1.2680000e+000  2.4657858e+001
  1.2690000e+000  2.2470407e+001
  1.2700000e+000  2.0950420e+001
  1.2710000e+000  1.9249678e+001
  1.2720000e+000  1.4175589e+001
  1.2730000e+000  4.9581884e+000
  1.2740000e+000 -6.8787653e+000
  1.2750000e+000 -1.6722338e+001
  1.2760000e+000 -2.0294056e+001
  1.2770000e+000 -1.9298482e+001
  1.2780000e+000 -1.6127045e+001
  1.2790000e+000 -1.0887100e+001
  1.2800000e+000 -8.8929554e+000
  1.2810000e+000 -1.3355322e+001
  1.2820000e+000 -1.6313329e+001
  1.2830000e+000 -1.4830295e+001
  1.2840000e+000 -1.4216828e+001
  1.2850000e+000 -1.3861787e+001
  1.2860000e+000 -1.0857617e+001
  1.2870000e+000 -8.8920348e+000
  1.2880000e+000 -9.6365364e+000
  1.2890000e+000 -1.0673588e+001
  1.2900000e+000 -1.0515061e+001
  1.2910000e+000 -6.5905085e+000
  1.2920000e+000  7.7669423e-001
  1.2930000e+000  7.2951091e+000
  1.2940000e+000  1.1590930e+001
  1.2950000e+000  1.4069355e+001
  1.2960000e+000  1.2469091e+001
  1.2970000e+000  8.8145949e+000
  1.2980000e+000  4.4414158e+000
  1.2990000e+000 -2.3332349e+000
  1.3000000e+000 -9.1053756e+000
  1.3010000e+000 -1.3870137e+001
  1.3020000e+000 -1.8433786e+001
  1.3030000e+000 -1.9946640e+001
  1.3040000e+000 -1.7781073e+001
  1.3050000e+000 -1.8028251e+001
  1.3060000e+000 -2.1058356e+001
  1.3070000e+000 -2.4353042e+001
  1.3080000e+000 -2.8368595e+001
  1.3090000e+000 -3.0029974e+001
  1.3100000e+000 -2.5977161e+001
  1.3110000e+000 -2.2167948e+001
  1.3120000e+000 -2.0214578e+001
  1.3130000e+000 -1.5521500e+001
  1.3140000e+000 -1.0705925e+001
  1.3150000e+000 -1.0951479e+001
  1.3160000e+000 -1.2462555e+001
  1.3170000e+000 -1.2254678e+001
  1.3180000e+000 -1.1484147e+001
  1.3190000e+000 -9.8455110e+000
  1.3200000e+000 -4.6983381e+000
  1.3210000e+000  3.3271558e+000
  1.3220000e+000  1.1296734e+001
  1.3230000e+000  1.6681035e+001
  1.3240000e+000  1.9223705e+001
  1.3250000e+000  2.0186340e+001
  1.3260000e+000  1.7486486e+001
  1.3270000e+000  8.0159803e+000
  1.3280000e+000 -5.1894955e+000
  1.3290000e+000 -1.6223334e+001
  1.3300000e+000 -2.3233224e+001
  1.3310000e+000 -2.4764918e+001
  1.3320000e+000 -1.8203461e+001
  1.3330000e+000 -5.7126261e+000
  1.3340000e+000  5.5391220e+000
  1.3350000e+000  1.2485692e+001
  1.3360000e+000  1.6893524e+001
  1.3370000e+000  1.6677137e+001
  1.3380000e+000  9.0018553e+000
  1.3390000e+000  2.9724314e-001
  1.3400000e+000 -2.9489024e+000
  1.3410000e+000 -4.0332780e+000
  1.3420000e+000 -5.2330214e+000
  1.3430000e+000 -1.8412770e+000
  1.3440000e+000  4.8395759e+000
  1.3450000e+000  9.3241691e+000
  1.3460000e+000  1.4148729e+001
  1.3470000e+000  2.0223563e+001
  1.3480000e+000  2.2144779e+001
  1.3490000e+000  1.9891011e+001
  1.3500000e+000  1.8982820e+001
  1.3510000e+000  1.8701346e+001
  1.3520000e+000  1.5815556e+001
  1.3530000e+000  1.1063943e+001
  1.3540000e+000  6.7176089e+000
  1.3550000e+000  3.5389717e+000
  1.3560000e+000  3.9642448e+000
  1.3570000e+000  7.4959663e+000
  1.3580000e+000  1.2424827e+001
  1.3590000e+000  1.6277702e+001
  1.3600000e+000  1.5774488e+001
  1.3610000e+000  1.1406649e+001
  1.3620000e+000  7.9400070e+000
  1.3630000e+000  6.5745169e+000
  1.3640000e+000  6.5466537e+000
  1.3650000e+000  1.1367452e+001
  1.3660000e+000  1.9714539e+001
  1.3670000e+000  2.4698964e+001
  1.3680000e+000  2.5418798e+001
  1.3690000e+000  2.4773628e+001
  1.3700000e+000  2.3303238e+001
  1.3710000e+000  2.5353577e+001
  1.3720000e+000  3.1534203e+001
  1.3730000e+000  3.5134477e+001
  1.3740000e+000  3.3381059e+001
  1.3750000e+000  2.6291233e+001
  1.3760000e+000  1.5616115e+001
  1.3770000e+000  9.8435750e+000
  1.3780000e+000  1.0190129e+001
  1.3790000e+000  1.4583521e+001
  1.3800000e+000  2.3862764e+001
  1.3810000e+000  3.3935053e+001
  1.3820000e+000  3.9420444e+001
  1.3830000e+000  4.2197771e+001
  1.3840000e+000  4.1273970e+001
  1.3850000e+000  3.4147775e+001
  1.3860000e+000  2.4915378e+001
  1.3870000e+000  1.9536031e+001
  1.3880000e+000  1.9065891e+001
  1.3890000e+000  2.4060805e+001
  1.3900000e+000  3.3823638e+001
  1.3910000e+000  4.3397445e+001
  1.3920000e+000  4.5169311e+001
  1.3930000e+000  3.7898532e+001
  1.3940000e+000  2.9989820e+001
  1.3950000e+000  2.7561058e+001
  1.3960000e+000  2.4440286e+001
  1.3970000e+000  1.8581298e+001
  1.3980000e+000  1.2922114e+001
  1.3990000e+000  3.0207601e+000
  1.4000000e+000 -6.4078041e+000
  1.4010000e+000 -3.1448192e+000
  1.4020000e+000  7.5056607e+000
  1.4030000e+000  1.4765140e+001
  1.4040000e+000  1.9191074e+001
  1.4050000e+000  2.2284433e+001
  1.4060000e+000  2.3647987e+001
  1.4070000e+000  2.4842193e+001
  1.4080000e+000  2.3889711e+001
  1.4090000e+000  1.9975643e+001
  1.4100000e+000  1.6450956e+001
  1.4110000e+000  1.5892107e+001
  1.4120000e+000  1.5045838e+001
  1.4130000e+000  1.0361802e+001
  1.4140000e+000  6.9972618e+000
  1.4150000e+000  9.4014181e+000
  1.4160000e+000  1.4126981e+001
  1.4170000e+000  1.8288914e+001
  1.4180000e+000  1.9367485e+001
  1.4190000e+000  1.4528802e+001
  1.4200000e+000  8.2637808e+000
  1.4210000e+000  7.3537867e+000
  1.4220000e+000  1.4173509e+001
  1.4230000e+000  2.4848540e+001
  1.4240000e+000  3.0205878e+001
  1.4250000e+000  2.8471004e+001
  1.4260000e+000  2.5801560e+001
  1.4270000e+000  2.5420185e+001
  1.4280000e+000  2.6929977e+001
  1.4290000e+000  2.7180795e+001
  1.4300000e+000  2.3502564e+001
  1.4310000e+000  1.6482107e+001
  1.4320000e+000  1.2409503e+001
  1.4330000e+000  1.1655835e+001
  1.4340000e+000  6.9269117e+000
  1.4350000e+000 -2.3066206e+000
  1.4360000e+000 -7.2974990e+000
  1.4370000e+000 -3.0276825e+000
  1.4380000e+000  7.3566324e+000
  1.4390000e+000  1.6514098e+001
  1.4400000e+000  1.8431381e+001
  1.4410000e+000  1.5494885e+001
  1.4420000e+000  1.5950269e+001
  1.4430000e+000  2.0684883e+001
  1.4440000e+000  2.2528649e+001
  1.4450000e+000  2.2296113e+001
  1.4460000e+000  2.5034501e+001
  1.4470000e+000  2.8109124e+001
  1.4480000e+000  2.7002247e+001
  1.4490000e+000  2.3928841e+001
  1.4500000e+000  2.2256627e+001
  1.4510000e+000  2.4338782e+001
  1.4520000e+000  3.2613567e+001
  1.4530000e+000  4.4909392e+001
  1.4540000e+000  5.5092410e+001
  1.4550000e+000  5.6341827e+001
  1.4560000e+000  5.1977538e+001
  1.4570000e+000  5.2777696e+001
  1.4580000e+000  5.4730306e+001
  1.4590000e+000  4.7148588e+001
  1.4600000e+000  3.3546556e+001
  1.4610000e+000  2.4138465e+001
  1.4620000e+000  2.3396922e+001
  1.4630000e+000  2.6428818e+001
  1.4640000e+000  2.3702596e+001
  1.4650000e+000  1.8522250e+001
  1.4660000e+000  2.3562561e+001
  1.4670000e+000  3.4479768e+001
  1.4680000e+000  4.2559056e+001
  1.4690000e+000  5.1674884e+001
  1.4700000e+000  5.9241042e+001
  1.4710000e+000  6.1889757e+001
  1.4720000e+000  6.7403734e+001
  1.4730000e+000  7.3605100e+001
  1.4740000e+000  6.7583201e+001
  1.4750000e+000  5.4558894e+001
  1.4760000e+000  5.3290478e+001
  1.4770000e+000  6.5393324e+001
  1.4780000e+000  7.5248204e+001
  1.4790000e+000  8.0199941e+001
  1.4800000e+000  9.1498735e+001
  1.4810000e+000  1.0930052e+002
  1.4820000e+000  1.1952881e+002
  1.4830000e+000  1.1976442e+002
  1.4840000e+000  1.2224294e+002
  1.4850000e+000  1.3062256e+002
  1.4860000e+000  1.4372502e+002
  1.4870000e+000  1.6773608e+002
  1.4880000e+000  1.9572366e+002
  1.4890000e+000  2.1278500e+002
  1.4900000e+000  2.1907962e+002
  1.4910000e+000  2.1951836e+002
  1.4920000e+000  2.1941413e+002
  1.4930000e+000  2.2563006e+002
  1.4940000e+000  2.3316055e+002
  1.4950000e+000  2.3560368e+002
  1.4960000e+000  2.3730922e+002
  1.4970000e+000  2.3529335e+002
  1.4980000e+000  2.2359340e+002
  1.4990000e+000  2.0974231e+002
  1.5000000e+000  2.0165314e+002
  1.5010000e+000  1.9759069e+002
  1.5020000e+000  1.9500449e+002
  1.5030000e+000  1.8881997e+002
  1.5040000e+000  1.7450699e+002
  1.5050000e+000  1.5688947e+002
  1.5060000e+000  1.4378770e+002
  1.5070000e+000  1.3073685e+002
  1.5080000e+000  1.1315682e+002
  1.5090000e+000  9.9732743e+001
  1.5100000e+000  9.2962772e+001
  1.5110000e+000  8.2188592e+001
  1.5120000e+000  6.6904249e+001
  1.5130000e+000  5.7819249e+001
  1.5140000e+000  5.4412301e+001
  1.5150000e+000  5.3063471e+001
  1.5160000e+000  5.3049132e+001
  1.5170000e+000  4.9623704e+001
  1.5180000e+000  4.0677314e+001
  1.5190000e+000  3.1438252e+001
  1.5200000e+000  2.9695063e+001
  1.5210000e+000  3.3084947e+001
  1.5220000e+000  3.0861229e+001
  1.5230000e+000  2.4565032e+001
  1.5240000e+000  2.0481327e+001
  1.5250000e+000  2.1081645e+001
  1.5260000e+000  2.6405606e+001
  1.5270000e+000  2.9435117e+001
  1.5280000e+000  2.7052121e+001
  1.5290000e+000  2.4839368e+001
  1.5300000e+000  2.3830796e+001
  1.5310000e+000  2.1801757e+001
  1.5320000e+000  1.9185405e+001
  1.5330000e+000  1.4431190e+001
  1.5340000e+000  1.0184314e+001
  1.5350000e+000  8.4762272e+000
  1.5360000e+000  7.4098266e+000
  1.5370000e+000  1.1079854e+001
  1.5380000e+000  2.1026490e+001
  1.5390000e+000  3.1415917e+001
  1.5400000e+000  3.7852123e+001
  1.5410000e+000  3.6049972e+001
  1.5420000e+000  2.7267877e+001
  1.5430000e+000  2.3272147e+001
  1.5440000e+000  2.6210669e+001
  1.5450000e+000  2.5880869e+001
  1.5460000e+000  1.8444962e+001
  1.5470000e+000  9.5750737e+000
  1.5480000e+000  4.5657933e+000
  1.5490000e+000  2.6215842e+000
  1.5500000e+000  1.0389837e+000
  1.5510000e+000 -8.1211314e-001
  1.5520000e+000 -1.2009962e+000
  1.5530000e+000  1.3612770e-001
  1.5540000e+000  1.4965853e+000
  1.5550000e+000  1.4974764e+000
  1.5560000e+000 -3.4374419e-001
  1.5570000e+000 -1.4809651e+000
  1.5580000e+000 -1.2315108e+000
  1.5590000e+000 -4.4172621e+000
  1.5600000e+000 -1.0821961e+001
  1.5610000e+000 -1.4962709e+001
  1.5620000e+000 -1.6157697e+001
  1.5630000e+000 -1.6271420e+001
  1.5640000e+000 -1.4219215e+001
  1.5650000e+000 -8.8152996e+000
  1.5660000e+000 -1.1528580e+000
  1.5670000e+000  5.1397250e+000
  1.5680000e+000  7.4488742e+000
  1.5690000e+000  7.7597213e+000
  1.5700000e+000  8.2381933e+000
  1.5710000e+000  8.0892443e+000
  1.5720000e+000  7.4394116e+000
  1.5730000e+000  4.9350309e+000
  1.5740000e+000 -1.2949406e+000
  1.5750000e+000 -6.3388521e+000
  1.5760000e+000 -8.4101152e+000
  1.5770000e+000 -1.0247349e+001
  1.5780000e+000 -1.1906262e+001
  1.5790000e+000 -1.4783385e+001
  1.5800000e+000 -1.9480353e+001
  1.5810000e+000 -2.1201028e+001
  1.5820000e+000 -1.6778683e+001
  1.5830000e+000 -8.5231579e+000
  1.5840000e+000  2.9210040e+000
  1.5850000e+000  1.4510649e+001
  1.5860000e+000  2.0380461e+001
  1.5870000e+000  1.8881143e+001
  1.5880000e+000  1.1751805e+001
  1.5890000e+000  1.8547071e+000
  1.5900000e+000 -6.9547888e+000
  1.5910000e+000 -1.0027136e+001
  1.5920000e+000 -7.8925069e+000
  1.5930000e+000 -5.7748846e+000
  1.5940000e+000 -4.9930997e+000
  1.5950000e+000 -5.7458731e+000
  1.5960000e+000 -1.0943084e+001
  1.5970000e+000 -1.9584650e+001
  1.5980000e+000 -2.7416700e+001
  1.5990000e+000 -3.5091040e+001
  1.6000000e+000 -3.8820333e+001
  1.6010000e+000 -3.0259751e+001
  1.6020000e+000 -1.4750491e+001
  1.6030000e+000  2.9613195e-001
  1.6040000e+000  1.0808076e+001
  1.6050000e+000  9.7408525e+000
  1.6060000e+000  4.8374784e-001
  1.6070000e+000 -6.5377779e+000
  1.6080000e+000 -5.3847958e+000
  1.6090000e+000  3.9930718e+000
  1.6100000e+000  1.6056382e+001
  1.6110000e+000  2.3359524e+001
  1.6120000e+000  2.2288742e+001
  1.6130000e+000  1.2841133e+001
  1.6140000e+000  9.0557405e-001
  1.6150000e+000 -5.1200570e+000
  1.6160000e+000 -2.5385010e+000
  1.6170000e+000  7.2968928e+000
  1.6180000e+000  1.7341087e+001
  1.6190000e+000  2.1358055e+001
  1.6200000e+000  2.1700492e+001
  1.6210000e+000  1.9361503e+001
  1.6220000e+000  1.3592865e+001
  1.6230000e+000  7.6889549e+000
  1.6240000e+000  2.0020488e+000
  1.6250000e+000 -2.2985775e+000
  1.6260000e+000 -1.4009538e+000
  1.6270000e+000  2.0892021e+000
  1.6280000e+000  2.3413000e+000
  1.6290000e+000 -1.3549485e+000
  1.6300000e+000 -6.9744559e+000
  1.6310000e+000 -1.1674362e+001
  1.6320000e+000 -1.1783217e+001
  1.6330000e+000 -7.4899880e+000
  1.6340000e+000 -2.0710538e+000
  1.6350000e+000  4.1195190e+000
  1.6360000e+000  7.0854493e+000
  1.6370000e+000  5.1368761e-001
  1.6380000e+000 -8.9088283e+000
  1.6390000e+000 -9.9610913e+000
  1.6400000e+000 -3.3408416e+000
  1.6410000e+000  2.3494452e+000
  1.6420000e+000 -1.0967067e+000
  1.6430000e+000 -1.4513361e+001
  1.6440000e+000 -2.6172079e+001
  1.6450000e+000 -2.5928189e+001
  1.6460000e+000 -1.6991559e+001
  1.6470000e+000 -1.0432773e+001
  1.6480000e+000 -1.0808359e+001
  1.6490000e+000 -9.6818851e+000
  1.6500000e+000 -1.4599275e+000
  1.6510000e+000  1.6871078e+000
  1.6520000e+000 -4.8148967e+000
  1.6530000e+000 -1.2583255e+001
  1.6540000e+000 -1.9547858e+001
  1.6550000e+000 -2.1593187e+001
  1.6560000e+000 -1.4704091e+001
  1.6570000e+000 -8.9854160e+000
  1.6580000e+000 -1.0502824e+001
  1.6590000e+000 -1.2869125e+001
  1.6600000e+000 -1.2749391e+001
  1.6610000e+000 -1.1994293e+001
  1.6620000e+000 -6.9502832e+000
  1.6630000e+000  6.3182685e+000
  1.6640000e+000  1.9539418e+001
  1.6650000e+000  2.2800246e+001
  1.6660000e+000  1.9904051e+001
  1.6670000e+000  1.5572825e+001
  1.6680000e+000  7.1618861e+000
  1.6690000e+000  5.7137143e+000
  1.6700000e+000  1.6853969e+001
  1.6710000e+000  2.6107519e+001
  1.6720000e+000  2.8018790e+001
  1.6730000e+000  2.5211625e+001
  1.6740000e+000  1.0372107e+001
  1.6750000e+000 -6.0141911e+000
  1.6760000e+000 -4.8480778e+000
  1.6770000e+000  4.7396923e+000
  1.6780000e+000  1.1217467e+001
  1.6790000e+000  1.3492722e+001
  1.6800000e+000  7.7323505e+000
  1.6810000e+000 -4.6962842e-001
  1.6820000e+000 -5.5816532e+000
  1.6830000e+000 -7.5570644e+000
  1.6840000e+000 -2.8930824e+000
  1.6850000e+000  5.6145121e+000
  1.6860000e+000  6.6785086e+000
  1.6870000e+000 -4.0475683e+000
  1.6880000e+000 -1.6482705e+001
  1.6890000e+000 -1.7015384e+001
  1.6900000e+000 -7.8292658e+000
  1.6910000e+000  1.2379984e+000
  1.6920000e+000  3.8617407e+000
  1.6930000e+000 -1.4639881e+000
  1.6940000e+000 -5.3265110e+000
  1.6950000e+000  2.6595251e+000
  1.6960000e+000  1.9745555e+001
  1.6970000e+000  3.8983053e+001
  1.6980000e+000  4.9102201e+001
  1.6990000e+000  4.2296399e+001
  1.7000000e+000  2.9665420e+001
  1.7010000e+000  1.9133344e+001
  1.7020000e+000  7.6480467e+000
  1.7030000e+000 -3.6914775e+000
  1.7040000e+000 -1.2262258e+001
  1.7050000e+000 -1.7823086e+001
  1.7060000e+000 -2.0586336e+001
  1.7070000e+000 -1.8767182e+001
  1.7080000e+000 -1.0353636e+001
  1.7090000e+000  1.4770631e+000
  1.7100000e+000  7.6046138e+000
  1.7110000e+000  3.8708476e+000
  1.7120000e+000 -4.0896170e+000
  1.7130000e+000 -7.4552417e+000
  1.7140000e+000 -2.2280987e+000
  1.7150000e+000  2.6658288e+000
  1.7160000e+000  5.1794327e-001
  1.7170000e+000 -5.4784049e+000
  1.7180000e+000 -1.2137255e+001
  1.7190000e+000 -1.3816388e+001
  1.7200000e+000 -1.2647753e+001
  1.7210000e+000 -1.4454811e+001
  1.7220000e+000 -1.3474926e+001
  1.7230000e+000 -6.6043899e+000
  1.7240000e+000  6.7812357e-001
  1.7250000e+000  3.1086770e+000
  1.7260000e+000  3.4662495e-001
  1.7270000e+000 -4.2800111e-001
  1.7280000e+000  2.0692572e+000
  1.7290000e+000  3.4599273e+000
  1.7300000e+000  3.9675506e+000
  1.7310000e+000  3.3721992e+000
  1.7320000e+000  2.6339788e+000
  1.7330000e+000  5.1013511e+000
  1.7340000e+000  1.0273302e+001
  1.7350000e+000  1.3433225e+001
  1.7360000e+000  9.9307309e+000
  1.7370000e+000  4.0634581e+000
  1.7380000e+000 -8.2035541e-001
  1.7390000e+000 -3.8332001e+000
  1.7400000e+000 -3.1724455e+000
  1.7410000e+000 -2.0432866e+000
  1.7420000e+000 -1.4122038e+000
  1.7430000e+000  2.4972510e+000
  1.7440000e+000  9.7861871e+000
  1.7450000e+000  1.7368384e+001
  1.7460000e+000  2.3433008e+001
  1.7470000e+000  2.5829974e+001
  1.7480000e+000  2.3397254e+001
  1.7490000e+000  1.8730435e+001
  1.7500000e+000  1.5474420e+001
  1.7510000e+000  1.4107826e+001
  1.7520000e+000  1.4459849e+001
  1.7530000e+000  1.8407221e+001
  1.7540000e+000  2.0679256e+001
  1.7550000e+000  1.7056220e+001
  1.7560000e+000  1.3306154e+001
  1.7570000e+000  1.4041507e+001
  1.7580000e+000  1.9198807e+001
  1.7590000e+000  2.3166259e+001
  1.7600000e+000  2.1413538e+001
  1.7610000e+000  1.5079147e+001
  1.7620000e+000  4.7397806e+000
  1.7630000e+000 -5.0238004e+000
  1.7640000e+000 -7.3947051e+000
  1.7650000e+000 -3.2046260e+000
  1.7660000e+000  4.7824658e+000
  1.7670000e+000  1.3006331e+001
  1.7680000e+000  1.8579293e+001
  1.7690000e+000  2.2223504e+001
  1.7700000e+000  2.5449996e+001
  1.7710000e+000  2.2568181e+001
  1.7720000e+000  1.4158949e+001
  1.7730000e+000  1.0697149e+001
  1.7740000e+000  7.1436710e+000
  1.7750000e+000 -1.9991264e+000
  1.7760000e+000 -7.8825499e+000
  1.7770000e+000 -4.9313769e+000
  1.7780000e+000  3.7711786e+000
  1.7790000e+000  8.5414559e+000
  1.7800000e+000  7.8543752e+000
  1.7810000e+000  7.6500947e+000
  1.7820000e+000  3.8813938e+000
  1.7830000e+000 -1.2296528e+000
  1.7840000e+000  4.1654693e+000
  1.7850000e+000  1.5579323e+001
  1.7860000e+000  2.4030507e+001
  1.7870000e+000  2.4653284e+001
  1.7880000e+000  1.1928591e+001
  1.7890000e+000 -4.2541622e+000
  1.7900000e+000 -6.3247196e+000
  1.7910000e+000  1.2197491e+000
  1.7920000e+000  9.7607934e+000
  1.7930000e+000  1.9113163e+001
  1.7940000e+000  2.1964600e+001
  1.7950000e+000  1.0550231e+000
  1.7960000e+000 -3.1994467e+001
  1.7970000e+000 -2.7121244e+001
  1.7980000e+000  5.7261647e+000
  1.7990000e+000  1.9001202e+001
  1.8000000e+000  1.4182063e+001
