 -1.0000000e+000             NaN
 -9.9900000e-001             NaN
 -9.9800000e-001             NaN
 -9.9700000e-001             NaN
 -9.9600000e-001             NaN
 -9.9500000e-001             NaN
 -9.9400000e-001             NaN
 -9.9300000e-001             NaN
 -9.9200000e-001             NaN
 -9.9100000e-001             NaN
 -9.9000000e-001             NaN
 -9.8900000e-001             NaN
 -9.8800000e-001             NaN
 -9.8700000e-001             NaN
 -9.8600000e-001             NaN
 -9.8500000e-001             NaN
 -9.8400000e-001             NaN
 -9.8300000e-001             NaN
 -9.8200000e-001             NaN
 -9.8100000e-001             NaN
 -9.8000000e-001             NaN
 -9.7900000e-001             NaN
 -9.7800000e-001             NaN
 -9.7700000e-001             NaN
 -9.7600000e-001             NaN
 -9.7500000e-001             NaN
 -9.7400000e-001             NaN
 -9.7300000e-001             NaN
 -9.7200000e-001             NaN
 -9.7100000e-001             NaN
 -9.7000000e-001             NaN
 -9.6900000e-001             NaN
 -9.6800000e-001             NaN
 -9.6700000e-001             NaN
 -9.6600000e-001             NaN
 -9.6500000e-001             NaN
 -9.6400000e-001             NaN
 -9.6300000e-001             NaN
 -9.6200000e-001             NaN
 -9.6100000e-001             NaN
 -9.6000000e-001             NaN
 -9.5900000e-001             NaN
 -9.5800000e-001             NaN
 -9.5700000e-001             NaN
 -9.5600000e-001             NaN
 -9.5500000e-001             NaN
 -9.5400000e-001             NaN
 -9.5300000e-001             NaN
 -9.5200000e-001             NaN
 -9.5100000e-001             NaN
 -9.5000000e-001             NaN
 -9.4900000e-001             NaN
 -9.4800000e-001             NaN
 -9.4700000e-001             NaN
 -9.4600000e-001             NaN
 -9.4500000e-001             NaN
 -9.4400000e-001             NaN
 -9.4300000e-001             NaN
 -9.4200000e-001             NaN
 -9.4100000e-001             NaN
 -9.4000000e-001             NaN
 -9.3900000e-001             NaN
 -9.3800000e-001             NaN
 -9.3700000e-001             NaN
 -9.3600000e-001             NaN
 -9.3500000e-001             NaN
 -9.3400000e-001             NaN
 -9.3300000e-001             NaN
 -9.3200000e-001             NaN
 -9.3100000e-001             NaN
 -9.3000000e-001             NaN
 -9.2900000e-001             NaN
 -9.2800000e-001             NaN
 -9.2700000e-001             NaN
 -9.2600000e-001             NaN
 -9.2500000e-001             NaN
 -9.2400000e-001             NaN
 -9.2300000e-001             NaN
 -9.2200000e-001             NaN
 -9.2100000e-001             NaN
 -9.2000000e-001             NaN
 -9.1900000e-001             NaN
 -9.1800000e-001             NaN
 -9.1700000e-001             NaN
 -9.1600000e-001             NaN
 -9.1500000e-001             NaN
 -9.1400000e-001             NaN
 -9.1300000e-001             NaN
 -9.1200000e-001             NaN
 -9.1100000e-001             NaN
 -9.1000000e-001             NaN
 -9.0900000e-001             NaN
 -9.0800000e-001             NaN
 -9.0700000e-001             NaN
 -9.0600000e-001             NaN
 -9.0500000e-001             NaN
 -9.0400000e-001             NaN
 -9.0300000e-001             NaN
 -9.0200000e-001             NaN
 -9.0100000e-001             NaN
 -9.0000000e-001             NaN
 -8.9900000e-001             NaN
 -8.9800000e-001             NaN
 -8.9700000e-001             NaN
 -8.9600000e-001             NaN
 -8.9500000e-001             NaN
 -8.9400000e-001             NaN
 -8.9300000e-001             NaN
 -8.9200000e-001             NaN
 -8.9100000e-001             NaN
 -8.9000000e-001             NaN
 -8.8900000e-001             NaN
 -8.8800000e-001             NaN
 -8.8700000e-001             NaN
 -8.8600000e-001             NaN
 -8.8500000e-001             NaN
 -8.8400000e-001             NaN
 -8.8300000e-001             NaN
 -8.8200000e-001             NaN
 -8.8100000e-001             NaN
 -8.8000000e-001             NaN
 -8.7900000e-001             NaN
 -8.7800000e-001             NaN
 -8.7700000e-001             NaN
 -8.7600000e-001             NaN
 -8.7500000e-001             NaN
 -8.7400000e-001             NaN
 -8.7300000e-001             NaN
 -8.7200000e-001             NaN
 -8.7100000e-001             NaN
 -8.7000000e-001             NaN
 -8.6900000e-001             NaN
 -8.6800000e-001             NaN
 -8.6700000e-001             NaN
 -8.6600000e-001             NaN
 -8.6500000e-001             NaN
 -8.6400000e-001             NaN
 -8.6300000e-001             NaN
 -8.6200000e-001             NaN
 -8.6100000e-001             NaN
 -8.6000000e-001             NaN
 -8.5900000e-001             NaN
 -8.5800000e-001             NaN
 -8.5700000e-001             NaN
 -8.5600000e-001             NaN
 -8.5500000e-001             NaN
 -8.5400000e-001             NaN
 -8.5300000e-001             NaN
 -8.5200000e-001             NaN
 -8.5100000e-001             NaN
 -8.5000000e-001             NaN
 -8.4900000e-001             NaN
 -8.4800000e-001             NaN
 -8.4700000e-001             NaN
 -8.4600000e-001             NaN
 -8.4500000e-001             NaN
 -8.4400000e-001             NaN
 -8.4300000e-001             NaN
 -8.4200000e-001             NaN
 -8.4100000e-001             NaN
 -8.4000000e-001             NaN
 -8.3900000e-001             NaN
 -8.3800000e-001             NaN
 -8.3700000e-001             NaN
 -8.3600000e-001             NaN
 -8.3500000e-001             NaN
 -8.3400000e-001             NaN
 -8.3300000e-001             NaN
 -8.3200000e-001             NaN
 -8.3100000e-001             NaN
 -8.3000000e-001             NaN
 -8.2900000e-001             NaN
 -8.2800000e-001             NaN
 -8.2700000e-001             NaN
 -8.2600000e-001             NaN
 -8.2500000e-001             NaN
 -8.2400000e-001             NaN
 -8.2300000e-001             NaN
 -8.2200000e-001             NaN
 -8.2100000e-001             NaN
 -8.2000000e-001             NaN
 -8.1900000e-001             NaN
 -8.1800000e-001             NaN
 -8.1700000e-001             NaN
 -8.1600000e-001             NaN
 -8.1500000e-001             NaN
 -8.1400000e-001             NaN
 -8.1300000e-001             NaN
 -8.1200000e-001             NaN
 -8.1100000e-001             NaN
 -8.1000000e-001             NaN
 -8.0900000e-001             NaN
 -8.0800000e-001             NaN
 -8.0700000e-001             NaN
 -8.0600000e-001             NaN
 -8.0500000e-001             NaN
 -8.0400000e-001             NaN
 -8.0300000e-001             NaN
 -8.0200000e-001             NaN
 -8.0100000e-001             NaN
 -8.0000000e-001             NaN
 -7.9900000e-001             NaN
 -7.9800000e-001             NaN
 -7.9700000e-001             NaN
 -7.9600000e-001             NaN
 -7.9500000e-001             NaN
 -7.9400000e-001             NaN
 -7.9300000e-001             NaN
 -7.9200000e-001             NaN
 -7.9100000e-001             NaN
 -7.9000000e-001             NaN
 -7.8900000e-001             NaN
 -7.8800000e-001             NaN
 -7.8700000e-001             NaN
 -7.8600000e-001             NaN
 -7.8500000e-001             NaN
 -7.8400000e-001             NaN
 -7.8300000e-001             NaN
 -7.8200000e-001             NaN
 -7.8100000e-001             NaN
 -7.8000000e-001             NaN
 -7.7900000e-001             NaN
 -7.7800000e-001             NaN
 -7.7700000e-001             NaN
 -7.7600000e-001             NaN
 -7.7500000e-001             NaN
 -7.7400000e-001             NaN
 -7.7300000e-001             NaN
 -7.7200000e-001             NaN
 -7.7100000e-001             NaN
 -7.7000000e-001             NaN
 -7.6900000e-001             NaN
 -7.6800000e-001             NaN
 -7.6700000e-001             NaN
 -7.6600000e-001             NaN
 -7.6500000e-001             NaN
 -7.6400000e-001             NaN
 -7.6300000e-001             NaN
 -7.6200000e-001             NaN
 -7.6100000e-001             NaN
 -7.6000000e-001             NaN
 -7.5900000e-001             NaN
 -7.5800000e-001             NaN
 -7.5700000e-001             NaN
 -7.5600000e-001             NaN
 -7.5500000e-001             NaN
 -7.5400000e-001             NaN
 -7.5300000e-001             NaN
 -7.5200000e-001             NaN
 -7.5100000e-001             NaN
 -7.5000000e-001             NaN
 -7.4900000e-001             NaN
 -7.4800000e-001             NaN
 -7.4700000e-001             NaN
 -7.4600000e-001             NaN
 -7.4500000e-001             NaN
 -7.4400000e-001             NaN
 -7.4300000e-001             NaN
 -7.4200000e-001             NaN
 -7.4100000e-001             NaN
 -7.4000000e-001             NaN
 -7.3900000e-001             NaN
 -7.3800000e-001             NaN
 -7.3700000e-001             NaN
 -7.3600000e-001             NaN
 -7.3500000e-001             NaN
 -7.3400000e-001             NaN
 -7.3300000e-001             NaN
 -7.3200000e-001             NaN
 -7.3100000e-001             NaN
 -7.3000000e-001             NaN
 -7.2900000e-001             NaN
 -7.2800000e-001             NaN
 -7.2700000e-001             NaN
 -7.2600000e-001             NaN
 -7.2500000e-001             NaN
 -7.2400000e-001             NaN
 -7.2300000e-001             NaN
 -7.2200000e-001             NaN
 -7.2100000e-001             NaN
 -7.2000000e-001             NaN
 -7.1900000e-001             NaN
 -7.1800000e-001             NaN
 -7.1700000e-001             NaN
 -7.1600000e-001             NaN
 -7.1500000e-001 -2.3562781e+001
 -7.1400000e-001 -3.1579916e+001
 -7.1300000e-001 -3.9248433e+001
 -7.1200000e-001 -4.8880167e+001
 -7.1100000e-001 -6.6437961e+001
 -7.1000000e-001 -9.2241694e+001
 -7.0900000e-001 -1.1643009e+002
 -7.0800000e-001 -1.3780655e+002
 -7.0700000e-001 -1.5592554e+002
 -7.0600000e-001 -1.6819710e+002
 -7.0500000e-001 -1.7609235e+002
 -7.0400000e-001 -1.7453932e+002
 -7.0300000e-001 -1.6699355e+002
 -7.0200000e-001 -1.6035753e+002
 -7.0100000e-001 -1.5183824e+002
 -7.0000000e-001 -1.4379898e+002
 -6.9900000e-001 -1.3425709e+002
 -6.9800000e-001 -1.1714716e+002
 -6.9700000e-001 -1.0503276e+002
 -6.9600000e-001 -1.0556118e+002
 -6.9500000e-001 -1.0308096e+002
 -6.9400000e-001 -9.1107719e+001
 -6.9300000e-001 -7.0914856e+001
 -6.9200000e-001 -4.1349043e+001
 -6.9100000e-001 -1.4928744e+001
 -6.9000000e-001 -1.1611732e+000
 -6.8900000e-001  5.8626440e-002
 -6.8800000e-001 -6.1407138e+000
 -6.8700000e-001 -5.7260593e+000
 -6.8600000e-001 -2.9873569e+000
 -6.8500000e-001 -8.5976424e+000
 -6.8400000e-001 -1.3731135e+001
 -6.8300000e-001 -1.5378504e+001
 -6.8200000e-001 -1.9368678e+001
 -6.8100000e-001 -2.3533815e+001
 -6.8000000e-001 -2.9345549e+001
 -6.7900000e-001 -3.3623783e+001
 -6.7800000e-001 -2.0938530e+001
 -6.7700000e-001 -4.3651366e+000
 -6.7600000e-001 -3.4661873e+000
 -6.7500000e-001 -5.1255355e+000
 -6.7400000e-001  8.1203720e-002
 -6.7300000e-001  3.3596676e-001
 -6.7200000e-001 -8.5696685e+000
 -6.7100000e-001 -9.5097565e+000
 -6.7000000e-001 -2.6361202e+000
 -6.6900000e-001 -2.8667030e+000
 -6.6800000e-001 -7.5641240e+000
 -6.6700000e-001 -1.6224387e+001
 -6.6600000e-001 -2.3932137e+001
 -6.6500000e-001 -2.2098981e+001
 -6.6400000e-001 -1.8492426e+001
 -6.6300000e-001 -1.7372044e+001
 -6.6200000e-001 -1.6524946e+001
 -6.6100000e-001 -2.3839538e+001
 -6.6000000e-001 -3.7465300e+001
 -6.5900000e-001 -4.2099557e+001
 -6.5800000e-001 -4.0891586e+001
 -6.5700000e-001 -4.1333408e+001
 -6.5600000e-001 -4.0255649e+001
 -6.5500000e-001 -3.6540964e+001
 -6.5400000e-001 -2.5796813e+001
 -6.5300000e-001 -1.0677363e+001
 -6.5200000e-001 -8.9900524e-001
 -6.5100000e-001 -2.7845590e+000
 -6.5000000e-001 -1.7258394e+001
 -6.4900000e-001 -2.9228705e+001
 -6.4800000e-001 -3.0184832e+001
 -6.4700000e-001 -2.7902664e+001
 -6.4600000e-001 -2.5087526e+001
 -6.4500000e-001 -2.1304302e+001
 -6.4400000e-001 -1.5478494e+001
 -6.4300000e-001 -7.8264005e+000
 -6.4200000e-001 -4.9071346e+000
 -6.4100000e-001 -6.9627785e+000
 -6.4000000e-001 -9.2101236e+000
 -6.3900000e-001 -1.4660862e+001
 -6.3800000e-001 -1.8334354e+001
 -6.3700000e-001 -1.1978867e+001
 -6.3600000e-001 -3.2659866e+000
 -6.3500000e-001  3.0768527e+000
 -6.3400000e-001  7.8963885e+000
 -6.3300000e-001  6.7656025e+000
 -6.3200000e-001  3.5913227e+000
 -6.3100000e-001  9.9346687e+000
 -6.3000000e-001  1.9138730e+001
 -6.2900000e-001  2.0022040e+001
 -6.2800000e-001  1.7946627e+001
 -6.2700000e-001  1.3057057e+001
 -6.2600000e-001  1.8794255e+000
 -6.2500000e-001 -5.1731677e+000
 -6.2400000e-001 -3.3603864e+000
 -6.2300000e-001  2.0023742e+000
 -6.2200000e-001  6.3676676e+000
 -6.2100000e-001  8.6272666e+000
 -6.2000000e-001  1.1821353e+001
 -6.1900000e-001  1.2873872e+001
 -6.1800000e-001  5.4294357e+000
 -6.1700000e-001 -4.2338047e+000
 -6.1600000e-001 -7.5492480e+000
 -6.1500000e-001 -3.6074755e+000
 -6.1400000e-001  3.1802572e+000
 -6.1300000e-001  4.3323194e+000
 -6.1200000e-001  1.1780108e+000
 -6.1100000e-001 -1.1119506e+000
 -6.1000000e-001 -1.4879403e+000
 -6.0900000e-001 -3.3543704e+000
 -6.0800000e-001 -6.5008549e-001
 -6.0700000e-001  1.4012540e+001
 -6.0600000e-001  2.8918117e+001
 -6.0500000e-001  3.1811735e+001
 -6.0400000e-001  2.4070122e+001
 -6.0300000e-001  1.4585445e+001
 -6.0200000e-001  5.5095997e+000
 -6.0100000e-001 -2.5935696e+000
 -6.0000000e-001 -6.4184344e+000
 -5.9900000e-001 -8.1371018e+000
 -5.9800000e-001 -8.6243803e+000
 -5.9700000e-001 -5.3611755e+000
 -5.9600000e-001 -2.5927752e+000
 -5.9500000e-001 -9.8023467e+000
 -5.9400000e-001 -2.2871411e+001
 -5.9300000e-001 -2.3309382e+001
 -5.9200000e-001 -7.9945771e+000
 -5.9100000e-001  6.4944460e+000
 -5.9000000e-001  1.4574666e+001
 -5.8900000e-001  1.7450935e+001
 -5.8800000e-001  9.8084071e+000
 -5.8700000e-001 -7.0362209e-001
 -5.8600000e-001 -4.7951715e+000
 -5.8500000e-001 -1.1276343e+001
 -5.8400000e-001 -1.9116635e+001
 -5.8300000e-001 -2.0849389e+001
 -5.8200000e-001 -2.3417350e+001
 -5.8100000e-001 -2.8672298e+001
 -5.8000000e-001 -2.7277452e+001
 -5.7900000e-001 -2.5305178e+001
 -5.7800000e-001 -3.1846574e+001
 -5.7700000e-001 -3.5682348e+001
 -5.7600000e-001 -3.3433738e+001
 -5.7500000e-001 -3.3808190e+001
 -5.7400000e-001 -3.5589700e+001
 -5.7300000e-001 -3.7226986e+001
 -5.7200000e-001 -4.4320739e+001
 -5.7100000e-001 -4.8810023e+001
 -5.7000000e-001 -4.6307006e+001
 -5.6900000e-001 -4.5418958e+001
 -5.6800000e-001 -4.1423671e+001
 -5.6700000e-001 -3.4995812e+001
 -5.6600000e-001 -3.2256918e+001
 -5.6500000e-001 -3.2955740e+001
 -5.6400000e-001 -3.6103389e+001
 -5.6300000e-001 -3.3151331e+001
 -5.6200000e-001 -2.4073232e+001
 -5.6100000e-001 -2.1314641e+001
 -5.6000000e-001 -2.3710916e+001
 -5.5900000e-001 -1.9887881e+001
 -5.5800000e-001 -1.2072276e+001
 -5.5700000e-001 -4.5115857e+000
 -5.5600000e-001  4.6366553e+000
 -5.5500000e-001  8.0450029e+000
 -5.5400000e-001  2.9528495e+000
 -5.5300000e-001 -2.1483165e+000
 -5.5200000e-001 -2.9256865e+000
 -5.5100000e-001 -4.1208452e+000
 -5.5000000e-001 -1.2617929e+001
 -5.4900000e-001 -2.0568514e+001
 -5.4800000e-001 -2.0025245e+001
 -5.4700000e-001 -1.0589949e+001
 -5.4600000e-001  4.8074211e+000
 -5.4500000e-001  6.3789879e+000
 -5.4400000e-001  1.7858042e+000
 -5.4300000e-001  6.1845529e+000
 -5.4200000e-001  3.7062971e+000
 -5.4100000e-001 -3.3464011e+000
 -5.4000000e-001 -1.3846890e+000
 -5.3900000e-001 -5.0022455e+000
 -5.3800000e-001 -2.2302568e+001
 -5.3700000e-001 -3.1323955e+001
 -5.3600000e-001 -2.4656906e+001
 -5.3500000e-001 -1.5036957e+001
 -5.3400000e-001 -1.2380435e+001
 -5.3300000e-001 -1.1825200e+001
 -5.3200000e-001 -7.0243244e+000
 -5.3100000e-001 -3.1342362e+000
 -5.3000000e-001 -2.3151249e+000
 -5.2900000e-001 -5.7172789e+000
 -5.2800000e-001 -1.2067613e+001
 -5.2700000e-001 -1.2387749e+001
 -5.2600000e-001 -1.7217165e-001
 -5.2500000e-001  1.2064584e+001
 -5.2400000e-001  1.1564371e+001
 -5.2300000e-001  1.4619568e+000
 -5.2200000e-001 -8.7732627e+000
 -5.2100000e-001 -4.8706900e+000
 -5.2000000e-001  7.1525870e+000
 -5.1900000e-001  8.4553203e+000
 -5.1800000e-001 -2.9725591e+000
 -5.1700000e-001 -1.2648569e+001
 -5.1600000e-001 -1.6869586e+001
 -5.1500000e-001 -2.0947425e+001
 -5.1400000e-001 -1.7771724e+001
 -5.1300000e-001 -1.3561916e+001
 -5.1200000e-001 -1.3468287e+001
 -5.1100000e-001 -1.3219771e+001
 -5.1000000e-001 -9.4993455e+000
 -5.0900000e-001 -4.1213903e+000
 -5.0800000e-001 -3.4257279e+000
 -5.0700000e-001 -1.8498284e+000
 -5.0600000e-001 -1.5395807e+000
 -5.0500000e-001 -7.9413358e+000
 -5.0400000e-001 -1.1573211e+001
 -5.0300000e-001 -7.1090153e+000
 -5.0200000e-001 -1.2700810e+000
 -5.0100000e-001 -3.9176761e+000
 -5.0000000e-001 -1.3794505e+001
 -4.9900000e-001 -2.2585813e+001
 -4.9800000e-001 -2.5231771e+001
 -4.9700000e-001 -2.4888596e+001
 -4.9600000e-001 -2.9222809e+001
 -4.9500000e-001 -3.6635693e+001
 -4.9400000e-001 -3.6070051e+001
 -4.9300000e-001 -2.5734694e+001
 -4.9200000e-001 -1.5784146e+001
 -4.9100000e-001 -1.4860507e+001
 -4.9000000e-001 -1.8314061e+001
 -4.8900000e-001 -1.8299143e+001
 -4.8800000e-001 -1.8706937e+001
 -4.8700000e-001 -2.0974954e+001
 -4.8600000e-001 -1.8979001e+001
 -4.8500000e-001 -1.7645676e+001
 -4.8400000e-001 -1.9493218e+001
 -4.8300000e-001 -1.3584594e+001
 -4.8200000e-001 -3.3695932e+000
 -4.8100000e-001  6.0622751e+000
 -4.8000000e-001  1.4375734e+001
 -4.7900000e-001  1.5073382e+001
 -4.7800000e-001  9.5160249e+000
 -4.7700000e-001  7.5827385e+000
 -4.7600000e-001  1.3189410e+001
 -4.7500000e-001  2.1138765e+001
 -4.7400000e-001  2.3909851e+001
 -4.7300000e-001  1.7640084e+001
 -4.7200000e-001  4.4116360e+000
 -4.7100000e-001 -8.5291830e+000
 -4.7000000e-001 -1.4001717e+001
 -4.6900000e-001 -1.5571470e+001
 -4.6800000e-001 -1.5407822e+001
 -4.6700000e-001 -1.2298497e+001
 -4.6600000e-001 -1.0832593e+001
 -4.6500000e-001 -6.8176072e+000
 -4.6400000e-001  3.2602587e+000
 -4.6300000e-001  1.1813888e+001
 -4.6200000e-001  1.2483322e+001
 -4.6100000e-001  8.6190781e+000
 -4.6000000e-001  9.3004641e+000
 -4.5900000e-001  9.9273017e+000
 -4.5800000e-001  1.6908492e+000
 -4.5700000e-001 -1.0051657e+001
 -4.5600000e-001 -1.3542678e+001
 -4.5500000e-001 -8.7780511e+000
 -4.5400000e-001 -3.3781918e+000
 -4.5300000e-001 -1.3969936e+000
 -4.5200000e-001 -6.1611926e+000
 -4.5100000e-001 -1.2611267e+001
 -4.5000000e-001 -1.8478940e+001
 -4.4900000e-001 -2.4733490e+001
 -4.4800000e-001 -2.4231629e+001
 -4.4700000e-001 -1.5040566e+001
 -4.4600000e-001 -7.6574384e+000
 -4.4500000e-001 -9.9152232e+000
 -4.4400000e-001 -1.6009901e+001
 -4.4300000e-001 -1.4034015e+001
 -4.4200000e-001 -6.1205903e+000
 -4.4100000e-001 -6.2016034e+000
 -4.4000000e-001 -1.0567249e+001
 -4.3900000e-001 -1.2978163e+001
 -4.3800000e-001 -1.5467914e+001
 -4.3700000e-001 -1.3344279e+001
 -4.3600000e-001 -1.1994803e+001
 -4.3500000e-001 -1.6513968e+001
 -4.3400000e-001 -1.8107900e+001
 -4.3300000e-001 -1.8158472e+001
 -4.3200000e-001 -1.6792156e+001
 -4.3100000e-001 -1.3141039e+001
 -4.3000000e-001 -1.1205822e+001
 -4.2900000e-001 -6.7772026e+000
 -4.2800000e-001 -2.7016795e+000
 -4.2700000e-001 -3.1887651e+000
 -4.2600000e-001 -8.8621866e+000
 -4.2500000e-001 -1.8871782e+001
 -4.2400000e-001 -2.3215924e+001
 -4.2300000e-001 -1.3587075e+001
 -4.2200000e-001  5.1624932e+000
 -4.2100000e-001  1.9350583e+001
 -4.2000000e-001  2.0482962e+001
 -4.1900000e-001  8.9713500e+000
 -4.1800000e-001 -1.0590393e+001
 -4.1700000e-001 -2.3496022e+001
 -4.1600000e-001 -2.6667946e+001
 -4.1500000e-001 -3.2998271e+001
 -4.1400000e-001 -4.3162876e+001
 -4.1300000e-001 -4.8559739e+001
 -4.1200000e-001 -4.3304717e+001
 -4.1100000e-001 -3.3859537e+001
 -4.1000000e-001 -2.3548449e+001
 -4.0900000e-001 -1.9340255e+001
 -4.0800000e-001 -2.2361130e+001
 -4.0700000e-001 -1.8972435e+001
 -4.0600000e-001 -1.7281243e+001
 -4.0500000e-001 -1.8670633e+001
 -4.0400000e-001 -1.4328618e+001
 -4.0300000e-001 -1.3363902e+001
 -4.0200000e-001 -2.1244651e+001
 -4.0100000e-001 -3.2135001e+001
 -4.0000000e-001 -3.6604044e+001
 -3.9900000e-001 -3.4369451e+001
 -3.9800000e-001 -2.9651240e+001
 -3.9700000e-001 -2.2667168e+001
 -3.9600000e-001 -1.2160138e+001
 -3.9500000e-001  2.3147312e-001
 -3.9400000e-001  4.9163403e+000
 -3.9300000e-001 -1.2353386e+000
 -3.9200000e-001 -1.1355031e+001
 -3.9100000e-001 -1.5981480e+001
 -3.9000000e-001 -7.2689773e+000
 -3.8900000e-001  6.2311932e+000
 -3.8800000e-001  1.2418468e+001
 -3.8700000e-001  1.2187888e+001
 -3.8600000e-001  1.3457287e+001
 -3.8500000e-001  1.7528918e+001
 -3.8400000e-001  1.5837142e+001
 -3.8300000e-001  1.1662496e+001
 -3.8200000e-001  3.1721414e+000
 -3.8100000e-001 -1.5636252e+001
 -3.8000000e-001 -1.9669919e+001
 -3.7900000e-001  7.7184169e-001
 -3.7800000e-001  2.0452233e+001
 -3.7700000e-001  3.1292307e+001
 -3.7600000e-001  3.1260799e+001
 -3.7500000e-001  1.5514930e+001
 -3.7400000e-001 -1.9709188e-001
 -3.7300000e-001 -4.0017419e+000
 -3.7200000e-001 -4.0260629e+000
 -3.7100000e-001 -2.2727999e-002
 -3.7000000e-001  2.6820938e-001
 -3.6900000e-001 -1.2041355e+001
 -3.6800000e-001 -2.4752125e+001
 -3.6700000e-001 -2.5170441e+001
 -3.6600000e-001 -1.9690765e+001
 -3.6500000e-001 -1.9663036e+001
 -3.6400000e-001 -2.2068536e+001
 -3.6300000e-001 -2.3952953e+001
 -3.6200000e-001 -1.9342331e+001
 -3.6100000e-001 -1.1485929e+001
 -3.6000000e-001 -7.0342889e+000
 -3.5900000e-001 -3.6239130e+000
 -3.5800000e-001 -2.6368037e+000
 -3.5700000e-001  4.3021582e+000
 -3.5600000e-001  1.2585165e+001
 -3.5500000e-001  1.1648209e+001
 -3.5400000e-001  8.6957658e+000
 -3.5300000e-001  4.9218130e+000
 -3.5200000e-001 -6.2039794e+000
 -3.5100000e-001 -1.8399189e+001
 -3.5000000e-001 -2.2987221e+001
 -3.4900000e-001 -2.3292294e+001
 -3.4800000e-001 -1.8348319e+001
 -3.4700000e-001 -5.0172699e+000
 -3.4600000e-001  1.0460888e+001
 -3.4500000e-001  2.1910474e+001
 -3.4400000e-001  2.7459281e+001
 -3.4300000e-001  3.2353899e+001
 -3.4200000e-001  4.0361674e+001
 -3.4100000e-001  5.0047148e+001
 -3.4000000e-001  5.5958772e+001
 -3.3900000e-001  4.6607288e+001
 -3.3800000e-001  3.1726825e+001
 -3.3700000e-001  3.0687201e+001
 -3.3600000e-001  3.1972495e+001
 -3.3500000e-001  2.5687127e+001
 -3.3400000e-001  1.9362113e+001
 -3.3300000e-001  1.5988530e+001
 -3.3200000e-001  1.2687194e+001
 -3.3100000e-001  1.6066179e+000
 -3.3000000e-001 -1.2065604e+001
 -3.2900000e-001 -1.5952332e+001
 -3.2800000e-001 -1.6901397e+001
 -3.2700000e-001 -1.7435517e+001
 -3.2600000e-001 -4.4050761e+000
 -3.2500000e-001  9.6364934e+000
 -3.2400000e-001  4.8219059e+000
 -3.2300000e-001 -3.3387905e+000
 -3.2200000e-001 -2.4725826e+000
 -3.2100000e-001  1.6483279e+000
 -3.2000000e-001  7.8136453e+000
 -3.1900000e-001  1.0713315e+001
 -3.1800000e-001  9.8681624e+000
 -3.1700000e-001  1.5629100e+001
 -3.1600000e-001  2.9027755e+001
 -3.1500000e-001  3.9164777e+001
 -3.1400000e-001  3.8750217e+001
 -3.1300000e-001  2.7566413e+001
 -3.1200000e-001  2.2968874e+001
 -3.1100000e-001  2.6527169e+001
 -3.1000000e-001  2.7449975e+001
 -3.0900000e-001  2.3749748e+001
 -3.0800000e-001  1.4002657e+001
 -3.0700000e-001  3.9873293e+000
 -3.0600000e-001 -1.8626004e+000
 -3.0500000e-001  1.6026473e+000
 -3.0400000e-001  7.5086003e+000
 -3.0300000e-001  9.8149825e+000
 -3.0200000e-001  8.5144383e+000
 -3.0100000e-001  6.2953889e+000
 -3.0000000e-001  9.1329259e+000
 -2.9900000e-001  1.9852278e+001
 -2.9800000e-001  3.4368154e+001
 -2.9700000e-001  4.3627260e+001
 -2.9600000e-001  4.7748484e+001
 -2.9500000e-001  4.0929921e+001
 -2.9400000e-001  2.5108563e+001
 -2.9300000e-001  1.2298642e+001
 -2.9200000e-001  1.2211968e+001
 -2.9100000e-001  1.4865729e+001
 -2.9000000e-001  1.5858629e+001
 -2.8900000e-001  1.8486282e+001
 -2.8800000e-001  1.1199287e+001
 -2.8700000e-001 -6.1227958e-001
 -2.8600000e-001 -8.9540521e+000
 -2.8500000e-001 -1.1582666e+001
 -2.8400000e-001 -7.0017290e+000
 -2.8300000e-001  1.2688061e-001
 -2.8200000e-001  1.1833179e+001
 -2.8100000e-001  2.7729634e+001
 -2.8000000e-001  3.7183917e+001
 -2.7900000e-001  3.0989068e+001
 -2.7800000e-001  1.6708637e+001
 -2.7700000e-001  1.0283960e+001
 -2.7600000e-001  1.2512606e+001
 -2.7500000e-001  1.7755733e+001
 -2.7400000e-001  2.4597400e+001
 -2.7300000e-001  3.2408966e+001
 -2.7200000e-001  4.0045297e+001
 -2.7100000e-001  3.8917922e+001
 -2.7000000e-001  2.8402350e+001
 -2.6900000e-001  1.9238335e+001
 -2.6800000e-001  2.0114286e+001
 -2.6700000e-001  3.0193260e+001
 -2.6600000e-001  3.9451388e+001
 -2.6500000e-001  4.3861543e+001
 -2.6400000e-001  4.8294045e+001
 -2.6300000e-001  5.2280338e+001
 -2.6200000e-001  4.8828733e+001
 -2.6100000e-001  4.6357145e+001
 -2.6000000e-001  4.2475983e+001
 -2.5900000e-001  2.6197859e+001
 -2.5800000e-001  1.3877327e+001
 -2.5700000e-001  9.0628935e+000
 -2.5600000e-001  3.9236542e+000
 -2.5500000e-001 -1.8802038e+000
 -2.5400000e-001  8.6139573e-001
 -2.5300000e-001  9.2346961e+000
 -2.5200000e-001  1.4667614e+001
 -2.5100000e-001  2.2240616e+001
 -2.5000000e-001  2.1315303e+001
 -2.4900000e-001  1.5045012e+001
 -2.4800000e-001  1.2019065e+001
 -2.4700000e-001  1.0883548e+001
 -2.4600000e-001  1.0878019e+001
 -2.4500000e-001  1.0208263e+001
 -2.4400000e-001  9.4577307e+000
 -2.4300000e-001  8.0436374e+000
 -2.4200000e-001  8.3004189e+000
 -2.4100000e-001  7.8430372e+000
 -2.4000000e-001  4.7946756e+000
 -2.3900000e-001  9.0510029e+000
 -2.3800000e-001  1.6807708e+001
 -2.3700000e-001  2.1015055e+001
 -2.3600000e-001  2.0782564e+001
 -2.3500000e-001  1.6729642e+001
 -2.3400000e-001  1.9131327e+001
 -2.3300000e-001  2.0039300e+001
 -2.3200000e-001  1.5505011e+001
 -2.3100000e-001  8.1585473e+000
 -2.3000000e-001 -1.1678199e+000
 -2.2900000e-001 -7.1871201e+000
 -2.2800000e-001 -1.2424932e+001
 -2.2700000e-001 -1.3874441e+001
 -2.2600000e-001 -1.2598618e+001
 -2.2500000e-001 -7.2272485e+000
 -2.2400000e-001  4.2400990e+000
 -2.2300000e-001  2.0780127e+001
 -2.2200000e-001  3.4766279e+001
 -2.2100000e-001  3.6674494e+001
 -2.2000000e-001  3.4614426e+001
 -2.1900000e-001  2.7790122e+001
 -2.1800000e-001  1.9766295e+001
 -2.1700000e-001  2.3344461e+001
 -2.1600000e-001  2.0945848e+001
 -2.1500000e-001  7.8816048e+000
 -2.1400000e-001 -6.9851627e+000
 -2.1300000e-001 -1.8931539e+001
 -2.1200000e-001 -1.8428681e+001
 -2.1100000e-001 -8.6430911e+000
 -2.1000000e-001  2.8068007e+000
 -2.0900000e-001  1.6987368e+001
 -2.0800000e-001  2.3396152e+001
 -2.0700000e-001  2.0670859e+001
 -2.0600000e-001  2.1992437e+001
 -2.0500000e-001  2.3544592e+001
 -2.0400000e-001  2.2374679e+001
 -2.0300000e-001  1.9286013e+001
 -2.0200000e-001  1.5297964e+001
 -2.0100000e-001  1.7694147e+001
 -2.0000000e-001  2.0092412e+001
 -1.9900000e-001  1.3629630e+001
 -1.9800000e-001  1.0652808e+001
 -1.9700000e-001  1.6085641e+001
 -1.9600000e-001  2.5284618e+001
 -1.9500000e-001  3.5077342e+001
 -1.9400000e-001  3.8811805e+001
 -1.9300000e-001  3.5674011e+001
 -1.9200000e-001  3.0934836e+001
 -1.9100000e-001  3.0171371e+001
 -1.9000000e-001  3.6631773e+001
 -1.8900000e-001  3.7630524e+001
 -1.8800000e-001  3.2130214e+001
 -1.8700000e-001  2.8315281e+001
 -1.8600000e-001  2.7846847e+001
 -1.8500000e-001  2.3318771e+001
 -1.8400000e-001  1.6474601e+001
 -1.8300000e-001  1.5675189e+001
 -1.8200000e-001  1.4593054e+001
 -1.8100000e-001  1.4208242e+001
 -1.8000000e-001  1.7545065e+001
 -1.7900000e-001  3.3043230e+001
 -1.7800000e-001  5.0083955e+001
 -1.7700000e-001  5.6665412e+001
 -1.7600000e-001  5.8467106e+001
 -1.7500000e-001  5.7377516e+001
 -1.7400000e-001  4.6243522e+001
 -1.7300000e-001  3.2083711e+001
 -1.7200000e-001  3.2160307e+001
 -1.7100000e-001  4.0641237e+001
 -1.7000000e-001  4.5842743e+001
 -1.6900000e-001  4.6469929e+001
 -1.6800000e-001  4.3243554e+001
 -1.6700000e-001  3.7050800e+001
 -1.6600000e-001  3.5415914e+001
 -1.6500000e-001  3.8970617e+001
 -1.6400000e-001  3.7559580e+001
 -1.6300000e-001  3.7446920e+001
 -1.6200000e-001  3.4999688e+001
 -1.6100000e-001  2.4052319e+001
 -1.6000000e-001  1.7752199e+001
 -1.5900000e-001  1.4301245e+001
 -1.5800000e-001  1.0833200e+001
 -1.5700000e-001  2.0474630e+001
 -1.5600000e-001  3.8594540e+001
 -1.5500000e-001  4.6381866e+001
 -1.5400000e-001  4.5608479e+001
 -1.5300000e-001  4.2675644e+001
 -1.5200000e-001  3.6623298e+001
 -1.5100000e-001  3.6432063e+001
 -1.5000000e-001  3.5863108e+001
 -1.4900000e-001  3.3371923e+001
 -1.4800000e-001  3.7138727e+001
 -1.4700000e-001  4.5544894e+001
 -1.4600000e-001  5.0332085e+001
 -1.4500000e-001  3.5644991e+001
 -1.4400000e-001  1.4792308e+001
 -1.4300000e-001  9.0320970e+000
 -1.4200000e-001  3.7429665e+001
 -1.4100000e-001  7.5226889e+001
 -1.4000000e-001  7.4566224e+001
 -1.3900000e-001  6.4850526e+001
 -1.3800000e-001  5.0698345e+001
 -1.3700000e-001  3.9546042e+001
 -1.3600000e-001  3.9143438e+001
 -1.3500000e-001  4.0108430e+001
 -1.3400000e-001  4.1344035e+001
 -1.3300000e-001  3.6298095e+001
 -1.3200000e-001  3.0252647e+001
 -1.3100000e-001  2.5387115e+001
 -1.3000000e-001  3.1737966e+001
 -1.2900000e-001  3.9410442e+001
 -1.2800000e-001  4.0613139e+001
 -1.2700000e-001  4.0479289e+001
 -1.2600000e-001  3.6866089e+001
 -1.2500000e-001  3.9602659e+001
 -1.2400000e-001  4.7061135e+001
 -1.2300000e-001  5.3464139e+001
 -1.2200000e-001  5.7061264e+001
 -1.2100000e-001  4.9515368e+001
 -1.2000000e-001  4.2711321e+001
 -1.1900000e-001  5.5911070e+001
 -1.1800000e-001  6.3165256e+001
 -1.1700000e-001  5.7592490e+001
 -1.1600000e-001  5.1050292e+001
 -1.1500000e-001  4.3649936e+001
 -1.1400000e-001  3.4516418e+001
 -1.1300000e-001  3.5585669e+001
 -1.1200000e-001  4.3194690e+001
 -1.1100000e-001  5.3372474e+001
 -1.1000000e-001  2.1810132e+002
 -1.0900000e-001  9.3785746e+002
 -1.0800000e-001 -3.1238575e+003
 -1.0700000e-001 -1.2361025e+004
 -1.0600000e-001 -1.6524176e+004
 -1.0500000e-001 -1.4658492e+004
 -1.0400000e-001 -6.0881163e+003
 -1.0300000e-001  4.9021446e+002
 -1.0200000e-001  4.7862695e+002
 -1.0100000e-001  7.8909085e+001
 -1.0000000e-001  6.8865517e+001
 -9.9000000e-002  6.1017028e+001
 -9.8000000e-002  5.6908919e+001
 -9.7000000e-002  5.6911941e+001
 -9.6000000e-002  7.1842689e+001
 -9.5000000e-002  9.4984400e+001
 -9.4000000e-002  9.7048767e+001
 -9.3000000e-002  6.3826737e+001
 -9.2000000e-002  4.3350010e+001
 -9.1000000e-002  4.4178902e+001
 -9.0000000e-002  6.1922551e+001
 -8.9000000e-002  7.9945731e+001
 -8.8000000e-002  8.0126761e+001
 -8.7000000e-002  7.8847559e+001
 -8.6000000e-002  8.1961619e+001
 -8.5000000e-002  8.4868231e+001
 -8.4000000e-002  7.8020046e+001
 -8.3000000e-002  6.6408001e+001
 -8.2000000e-002  6.0506605e+001
 -8.1000000e-002  5.8480002e+001
 -8.0000000e-002  5.3051954e+001
 -7.9000000e-002  4.8450682e+001
 -7.8000000e-002  5.2717836e+001
 -7.7000000e-002  6.0403524e+001
 -7.6000000e-002  7.6720202e+001
 -7.5000000e-002  9.0606174e+001
 -7.4000000e-002  9.1317523e+001
 -7.3000000e-002  8.2605144e+001
 -7.2000000e-002  7.1651355e+001
 -7.1000000e-002  7.3219538e+001
 -7.0000000e-002  7.6877940e+001
 -6.9000000e-002  7.7148916e+001
 -6.8000000e-002  7.4435255e+001
 -6.7000000e-002  7.1587561e+001
 -6.6000000e-002  7.1881471e+001
 -6.5000000e-002  7.1425818e+001
 -6.4000000e-002  6.9325334e+001
 -6.3000000e-002  7.0045401e+001
 -6.2000000e-002  7.4652391e+001
 -6.1000000e-002  8.5070790e+001
 -6.0000000e-002  9.1758463e+001
 -5.9000000e-002  9.2594357e+001
 -5.8000000e-002  8.3782464e+001
 -5.7000000e-002  6.9913173e+001
 -5.6000000e-002  7.6692838e+001
 -5.5000000e-002  1.1039670e+002
 -5.4000000e-002  1.3784783e+002
 -5.3000000e-002  1.4937219e+002
 -5.2000000e-002  1.1643767e+002
 -5.1000000e-002  8.8412949e+001
 -5.0000000e-002  9.0597184e+001
 -4.9000000e-002  9.5051354e+001
 -4.8000000e-002  1.0154086e+002
 -4.7000000e-002  1.0014402e+002
 -4.6000000e-002  9.8889384e+001
 -4.5000000e-002  9.4416368e+001
 -4.4000000e-002  9.1507767e+001
 -4.3000000e-002  9.0788610e+001
 -4.2000000e-002  9.3270373e+001
 -4.1000000e-002  9.1146644e+001
 -4.0000000e-002  8.5124515e+001
 -3.9000000e-002  8.9929468e+001
 -3.8000000e-002  1.0142638e+002
 -3.7000000e-002  1.1989551e+002
 -3.6000000e-002  1.2590817e+002
 -3.5000000e-002  1.2049360e+002
 -3.4000000e-002  1.1361880e+002
 -3.3000000e-002  1.0241960e+002
 -3.2000000e-002  1.0804189e+002
 -3.1000000e-002  1.2720239e+002
 -3.0000000e-002  1.3438195e+002
 -2.9000000e-002  1.2426505e+002
 -2.8000000e-002  1.0164632e+002
 -2.7000000e-002  8.5895575e+001
 -2.6000000e-002  7.7959175e+001
 -2.5000000e-002  7.2641188e+001
 -2.4000000e-002  7.0412946e+001
 -2.3000000e-002  7.1795700e+001
 -2.2000000e-002  8.3623060e+001
 -2.1000000e-002  9.4078595e+001
 -2.0000000e-002  8.3747642e+001
 -1.9000000e-002  6.8665952e+001
 -1.8000000e-002  7.4836657e+001
 -1.7000000e-002  8.7637002e+001
 -1.6000000e-002  8.9827166e+001
 -1.5000000e-002  9.2972735e+001
 -1.4000000e-002  9.2549443e+001
 -1.3000000e-002  9.2247322e+001
 -1.2000000e-002  9.4203428e+001
 -1.1000000e-002  9.0282873e+001
 -1.0000000e-002  9.2021268e+001
 -9.0000000e-003  1.0030528e+002
 -8.0000000e-003  1.0752655e+002
 -7.0000000e-003  1.0742775e+002
 -6.0000000e-003  9.7313336e+001
 -5.0000000e-003  8.2405502e+001
 -4.0000000e-003  8.3255980e+001
 -3.0000000e-003  9.5763216e+001
 -2.0000000e-003  1.0650921e+002
 -1.0000000e-003  1.2435186e+002
  0.0000000e+000  1.3162520e+002
  1.0000000e-003  1.1750324e+002
  2.0000000e-003  1.0411861e+002
  3.0000000e-003  1.0073107e+002
  4.0000000e-003  9.9301469e+001
  5.0000000e-003  9.8406209e+001
  6.0000000e-003  9.6541831e+001
  7.0000000e-003  9.6677652e+001
  8.0000000e-003  9.4084734e+001
  9.0000000e-003  8.4778545e+001
  1.0000000e-002  8.4582035e+001
  1.1000000e-002  8.1130589e+001
  1.2000000e-002  8.3035579e+001
  1.3000000e-002  8.2727027e+001
  1.4000000e-002  8.3119054e+001
  1.5000000e-002  9.4515938e+001
  1.6000000e-002  9.5227134e+001
  1.7000000e-002  1.0087283e+002
  1.8000000e-002  1.1073138e+002
  1.9000000e-002  1.0926198e+002
  2.0000000e-002  1.0544060e+002
  2.1000000e-002  1.0308733e+002
  2.2000000e-002  9.6168726e+001
  2.3000000e-002  8.2816678e+001
  2.4000000e-002  7.4061218e+001
  2.5000000e-002  7.7887200e+001
  2.6000000e-002  9.0209948e+001
  2.7000000e-002  8.3584817e+001
  2.8000000e-002  7.2812298e+001
  2.9000000e-002  7.2481590e+001
  3.0000000e-002  7.4466481e+001
  3.1000000e-002  7.6716587e+001
  3.2000000e-002  7.4035033e+001
  3.3000000e-002  7.2946616e+001
  3.4000000e-002  7.3563383e+001
  3.5000000e-002  7.4665166e+001
  3.6000000e-002  6.9308728e+001
  3.7000000e-002  6.7728326e+001
  3.8000000e-002  6.7268188e+001
  3.9000000e-002  6.6741442e+001
  4.0000000e-002  8.6006019e+001
  4.1000000e-002  1.0142969e+002
  4.2000000e-002  9.6267676e+001
  4.3000000e-002  1.0037469e+002
  4.4000000e-002  9.6078376e+001
  4.5000000e-002  7.7883565e+001
  4.6000000e-002  8.6010071e+001
  4.7000000e-002  8.8080837e+001
  4.8000000e-002  8.3919120e+001
  4.9000000e-002  8.4896905e+001
  5.0000000e-002  9.1379083e+001
  5.1000000e-002  1.0241438e+002
  5.2000000e-002  9.6269589e+001
  5.3000000e-002  8.4687846e+001
  5.4000000e-002  7.4218358e+001
  5.5000000e-002  6.3162076e+001
  5.6000000e-002  5.5441921e+001
  5.7000000e-002  5.2265268e+001
  5.8000000e-002  5.1996310e+001
  5.9000000e-002  5.2781852e+001
  6.0000000e-002  5.7552513e+001
  6.1000000e-002  5.7511018e+001
  6.2000000e-002  4.7634461e+001
  6.3000000e-002  3.9813109e+001
  6.4000000e-002  4.5734465e+001
  6.5000000e-002  6.2698392e+001
  6.6000000e-002  6.8986465e+001
  6.7000000e-002  6.2162906e+001
  6.8000000e-002  5.9489472e+001
  6.9000000e-002  5.8314125e+001
  7.0000000e-002  5.5191049e+001
  7.1000000e-002  4.1511392e+001
  7.2000000e-002  3.6398926e+001
  7.3000000e-002  5.2204343e+001
  7.4000000e-002  6.4516802e+001
  7.5000000e-002  5.5007135e+001
  7.6000000e-002  4.9615331e+001
  7.7000000e-002  4.4942742e+001
  7.8000000e-002  4.0604598e+001
  7.9000000e-002  4.8122179e+001
  8.0000000e-002  5.6754163e+001
  8.1000000e-002  5.7740204e+001
  8.2000000e-002  6.0219440e+001
  8.3000000e-002  6.3588524e+001
  8.4000000e-002  5.9592334e+001
  8.5000000e-002  5.2297435e+001
  8.6000000e-002  3.3159062e+001
  8.7000000e-002  3.2113644e+001
  8.8000000e-002  3.8784976e+001
  8.9000000e-002  3.4565968e+001
  9.0000000e-002  3.3003172e+001
  9.1000000e-002  3.6511451e+001
  9.2000000e-002  6.1400780e+001
  9.3000000e-002  9.0016569e+001
  9.4000000e-002  9.0175004e+001
  9.5000000e-002  6.5243404e+001
  9.6000000e-002  4.4952415e+001
  9.7000000e-002  4.3480191e+001
  9.8000000e-002  3.7608007e+001
  9.9000000e-002  2.7276959e+001
  1.0000000e-001  2.7782528e+001
  1.0100000e-001  2.2535612e+001
  1.0200000e-001  1.4381618e+001
  1.0300000e-001  2.0016280e+001
  1.0400000e-001  2.5891797e+001
  1.0500000e-001  2.4803584e+001
  1.0600000e-001  8.9649582e+000
  1.0700000e-001  6.2042453e+000
  1.0800000e-001  2.2512426e+001
  1.0900000e-001  2.3843557e+001
  1.1000000e-001  1.6974003e+001
  1.1100000e-001  1.7809257e+001
  1.1200000e-001  1.7984269e+001
  1.1300000e-001  1.7484806e+001
  1.1400000e-001  1.7429857e+001
  1.1500000e-001  2.0304728e+001
  1.1600000e-001  2.0102295e+001
  1.1700000e-001  9.0043895e+000
  1.1800000e-001  8.2222712e+000
  1.1900000e-001  1.2183689e+001
  1.2000000e-001  9.6989891e+000
  1.2100000e-001  7.9132245e+000
  1.2200000e-001  6.6189847e+000
  1.2300000e-001  8.0768608e+000
  1.2400000e-001  7.9246126e+000
  1.2500000e-001  4.6095622e+000
  1.2600000e-001  8.1384484e+000
  1.2700000e-001  1.1598543e+001
  1.2800000e-001  1.8188246e+001
  1.2900000e-001  2.1641115e+001
  1.3000000e-001  2.2023890e+001
  1.3100000e-001  1.9685936e+001
  1.3200000e-001  2.1374604e+001
  1.3300000e-001  2.6479204e+001
  1.3400000e-001  2.8950894e+001
  1.3500000e-001  3.3571404e+001
  1.3600000e-001  2.8606149e+001
  1.3700000e-001  2.2161627e+001
  1.3800000e-001  1.7380914e+001
  1.3900000e-001  8.9717163e+000
  1.4000000e-001  1.2175916e+000
  1.4100000e-001 -2.6757052e+000
  1.4200000e-001  4.3601896e+000
  1.4300000e-001  4.4998594e+000
  1.4400000e-001  1.2342279e+000
  1.4500000e-001  2.1684996e+000
  1.4600000e-001  1.1932815e+001
  1.4700000e-001  1.9034617e+001
  1.4800000e-001  1.4526053e+001
  1.4900000e-001  2.2971585e+000
  1.5000000e-001 -4.2154903e+000
  1.5100000e-001 -4.6094104e+000
  1.5200000e-001  1.3190688e+000
  1.5300000e-001  1.0903537e+001
  1.5400000e-001  1.8726953e+001
  1.5500000e-001  1.7005898e+001
  1.5600000e-001  1.1179542e+001
  1.5700000e-001  1.2240207e+001
  1.5800000e-001  1.6456384e+001
  1.5900000e-001  1.3213728e+001
  1.6000000e-001  6.7901218e+000
  1.6100000e-001 -2.7748181e-001
  1.6200000e-001  3.2505734e+000
  1.6300000e-001  1.6772442e+001
  1.6400000e-001  3.1800789e+001
  1.6500000e-001  4.0970266e+001
  1.6600000e-001  4.2359326e+001
  1.6700000e-001  3.4791919e+001
  1.6800000e-001  2.4199124e+001
  1.6900000e-001  1.5209581e+001
  1.7000000e-001  8.9029344e+000
  1.7100000e-001  1.3066942e+001
  1.7200000e-001  1.9491121e+001
  1.7300000e-001  1.8786228e+001
  1.7400000e-001  1.1853295e+001
  1.7500000e-001  1.4766343e+001
  1.7600000e-001  1.7865736e+001
  1.7700000e-001  9.4107006e+000
  1.7800000e-001  5.7046011e+000
  1.7900000e-001 -4.7911650e+000
  1.8000000e-001 -7.8390197e+000
  1.8100000e-001 -2.0948617e-001
  1.8200000e-001  2.2276776e+000
  1.8300000e-001  1.0115628e+001
  1.8400000e-001  1.6138555e+001
  1.8500000e-001  1.9313569e+001
  1.8600000e-001  2.8919078e+001
  1.8700000e-001  3.8899326e+001
  1.8800000e-001  3.2015223e+001
  1.8900000e-001  3.7711919e+000
  1.9000000e-001 -1.1796379e+001
  1.9100000e-001 -3.6784663e+000
  1.9200000e-001  9.3299748e+000
  1.9300000e-001  1.1102691e+001
  1.9400000e-001  5.0310165e+000
  1.9500000e-001 -9.1227538e+000
  1.9600000e-001 -4.7589626e+000
  1.9700000e-001  1.6701942e+001
  1.9800000e-001  1.4768209e+001
  1.9900000e-001  5.1949359e+000
  2.0000000e-001  3.4011710e+000
  2.0100000e-001  5.4064039e+000
  2.0200000e-001  3.3710411e+000
  2.0300000e-001 -2.2210408e+000
  2.0400000e-001  8.3717506e+000
  2.0500000e-001  2.0768881e+001
  2.0600000e-001  3.2817763e+001
  2.0700000e-001  4.1263130e+001
  2.0800000e-001  4.5110295e+001
  2.0900000e-001  4.0905197e+001
  2.1000000e-001  3.1885691e+001
  2.1100000e-001  3.7068491e+001
  2.1200000e-001  5.0042342e+001
  2.1300000e-001  3.3070878e+001
  2.1400000e-001  2.1980180e+001
  2.1500000e-001  1.0709707e+001
  2.1600000e-001  7.7148073e+000
  2.1700000e-001  2.4066021e+001
  2.1800000e-001  2.9357128e+001
  2.1900000e-001  2.3152430e+001
  2.2000000e-001  3.5875577e+000
  2.2100000e-001 -2.0149931e+001
  2.2200000e-001 -1.1129323e+001
  2.2300000e-001  6.2428054e+000
  2.2400000e-001  2.0173617e+001
  2.2500000e-001  2.9630249e+001
  2.2600000e-001  3.0945380e+001
  2.2700000e-001  2.0273920e+001
  2.2800000e-001  6.0238074e+000
  2.2900000e-001 -6.1484439e+000
  2.3000000e-001 -1.8094668e+001
  2.3100000e-001 -1.6799391e+001
  2.3200000e-001  4.3222058e+000
  2.3300000e-001  5.9411843e-001
  2.3400000e-001 -2.0399756e+001
  2.3500000e-001 -1.1483046e+001
  2.3600000e-001  3.6479960e-001
  2.3700000e-001 -7.1533546e+000
  2.3800000e-001 -3.7097880e+000
  2.3900000e-001  7.8061538e+000
  2.4000000e-001  2.0254281e+001
  2.4100000e-001  2.4357204e+001
  2.4200000e-001  9.8002245e+000
  2.4300000e-001 -3.6361742e+000
  2.4400000e-001 -1.1240969e+001
  2.4500000e-001 -2.2903186e+001
  2.4600000e-001 -1.7066523e+001
  2.4700000e-001 -9.6814748e-002
  2.4800000e-001  5.3155713e+000
  2.4900000e-001  5.2604539e+000
  2.5000000e-001  2.4562526e+000
  2.5100000e-001 -8.7991143e+000
  2.5200000e-001 -5.0693103e+000
  2.5300000e-001  1.2172054e+000
  2.5400000e-001  1.6865287e+000
  2.5500000e-001  7.5600093e+000
  2.5600000e-001  2.3863416e+001
  2.5700000e-001  4.5842891e+001
  2.5800000e-001  4.1525852e+001
  2.5900000e-001  1.6067085e+001
  2.6000000e-001  1.2743880e+001
  2.6100000e-001  2.0053056e+001
  2.6200000e-001  1.9403454e+001
  2.6300000e-001  2.6501075e+001
  2.6400000e-001  3.5862172e+001
  2.6500000e-001  2.9911034e+001
  2.6600000e-001  1.4816261e+001
  2.6700000e-001  7.9854533e+000
  2.6800000e-001  1.2591769e+001
  2.6900000e-001  2.4236023e+001
  2.7000000e-001  3.0381999e+001
  2.7100000e-001  1.7918065e+001
  2.7200000e-001  6.7119485e+000
  2.7300000e-001  2.2197350e+000
  2.7400000e-001  7.1753464e+000
  2.7500000e-001  3.8663283e+000
  2.7600000e-001 -2.0288445e+000
  2.7700000e-001  3.8509363e+000
  2.7800000e-001  1.0961663e+001
  2.7900000e-001  4.1621547e+000
  2.8000000e-001 -1.3345031e+000
  2.8100000e-001  6.3268462e+000
  2.8200000e-001  1.7762949e+001
  2.8300000e-001  1.7596699e+001
  2.8400000e-001  1.6494624e+001
  2.8500000e-001  2.4756022e+001
  2.8600000e-001  3.8254655e+001
  2.8700000e-001  4.6467937e+001
  2.8800000e-001  3.1003910e+001
  2.8900000e-001  1.6844295e+001
  2.9000000e-001  1.8465633e+001
  2.9100000e-001  3.7122426e+001
  2.9200000e-001  4.4530042e+001
  2.9300000e-001  3.7754760e+001
  2.9400000e-001  2.2800390e+001
  2.9500000e-001  1.3386954e+001
  2.9600000e-001  1.0137899e+001
  2.9700000e-001  1.1030985e+001
  2.9800000e-001  1.1765523e+001
  2.9900000e-001  1.2841432e+001
  3.0000000e-001  1.4690215e+001
  3.0100000e-001  1.2149501e+001
  3.0200000e-001  6.5310235e+000
  3.0300000e-001 -2.9023795e+000
  3.0400000e-001 -8.5327871e+000
  3.0500000e-001 -2.5598376e+000
  3.0600000e-001  2.6938720e+000
  3.0700000e-001  5.5244428e+000
  3.0800000e-001  5.7940190e+000
  3.0900000e-001  5.4897125e+000
  3.1000000e-001  9.6501639e+000
  3.1100000e-001  1.3358560e+001
  3.1200000e-001  1.3454788e+001
  3.1300000e-001  1.3435729e+001
  3.1400000e-001  1.7678834e+001
  3.1500000e-001  1.8285311e+001
  3.1600000e-001  1.3856735e+001
  3.1700000e-001  1.4929372e+001
  3.1800000e-001  1.1987528e+001
  3.1900000e-001  1.1344984e+001
  3.2000000e-001  1.2264651e+001
  3.2100000e-001  3.4365521e+000
  3.2200000e-001 -2.1028911e+000
  3.2300000e-001 -1.4128792e+001
  3.2400000e-001 -2.2578168e+001
  3.2500000e-001 -2.2095876e+001
  3.2600000e-001 -9.4181234e+000
  3.2700000e-001  2.8546256e+000
  3.2800000e-001  3.7130306e+000
  3.2900000e-001  6.2884739e+000
  3.3000000e-001  6.2980817e+000
  3.3100000e-001  8.7072065e+000
  3.3200000e-001  1.0488974e+001
  3.3300000e-001  8.6848303e+000
  3.3400000e-001  9.5958738e+000
  3.3500000e-001  2.1732104e+001
  3.3600000e-001  3.2721263e+001
  3.3700000e-001  2.8791179e+001
  3.3800000e-001  1.7913979e+001
  3.3900000e-001  2.8385067e+000
  3.4000000e-001 -1.0441511e+001
  3.4100000e-001 -9.0742686e+000
  3.4200000e-001 -2.6706452e+000
  3.4300000e-001 -9.8151252e+000
  3.4400000e-001 -1.8408590e+001
  3.4500000e-001 -1.4681574e+001
  3.4600000e-001 -2.3730915e+000
  3.4700000e-001 -7.1968882e+000
  3.4800000e-001  1.9057255e+000
  3.4900000e-001  5.8663230e+000
  3.5000000e-001 -4.4545682e+000
  3.5100000e-001  8.2980217e+000
  3.5200000e-001  2.2766266e+001
  3.5300000e-001  4.6245410e+001
  3.5400000e-001  4.3296845e+001
  3.5500000e-001  2.9147609e+001
  3.5600000e-001  2.7928432e+001
  3.5700000e-001  3.2780158e+001
  3.5800000e-001  2.9405128e+001
  3.5900000e-001  1.0748815e+001
  3.6000000e-001  1.2921704e+001
  3.6100000e-001  1.4574584e+001
  3.6200000e-001  1.4834923e+001
  3.6300000e-001  1.1405831e+001
  3.6400000e-001  1.1494547e+001
  3.6500000e-001  1.1281101e+001
  3.6600000e-001  1.2920751e+001
  3.6700000e-001  1.7543530e+001
  3.6800000e-001  8.6780184e+000
  3.6900000e-001 -4.4680010e-001
  3.7000000e-001 -1.5530455e+001
  3.7100000e-001 -6.0299263e+000
  3.7200000e-001  2.0819575e+000
  3.7300000e-001 -9.0542217e+000
  3.7400000e-001 -1.1700380e+001
  3.7500000e-001 -3.5935934e+000
  3.7600000e-001  1.4882128e+000
  3.7700000e-001  1.4231026e+001
  3.7800000e-001  1.5137264e+001
  3.7900000e-001  3.8414934e+000
  3.8000000e-001 -1.3916868e+001
  3.8100000e-001 -2.8610066e+001
  3.8200000e-001 -2.7301030e+001
  3.8300000e-001 -1.5438583e+001
  3.8400000e-001 -6.9577670e+000
  3.8500000e-001  5.0362349e+000
  3.8600000e-001  6.5286764e-001
  3.8700000e-001 -1.2860411e+001
  3.8800000e-001 -1.9780392e+001
  3.8900000e-001 -2.9433324e+001
  3.9000000e-001 -2.8308600e+001
  3.9100000e-001 -2.7526255e+001
  3.9200000e-001 -2.5540539e+001
  3.9300000e-001 -1.6784721e+001
  3.9400000e-001  4.8911393e-002
  3.9500000e-001  1.4976935e+001
  3.9600000e-001  2.7302434e+001
  3.9700000e-001  2.5392744e+001
  3.9800000e-001  1.7687091e+001
  3.9900000e-001  1.4192863e+001
  4.0000000e-001  1.6564860e+001
  4.0100000e-001  1.2259173e+001
  4.0200000e-001  5.5013055e+000
  4.0300000e-001  1.8129258e+000
  4.0400000e-001  1.0647292e+001
  4.0500000e-001  2.3726017e+001
  4.0600000e-001  2.1722961e+001
  4.0700000e-001  7.3526182e+000
  4.0800000e-001 -2.4222964e+000
  4.0900000e-001  3.5136119e-001
  4.1000000e-001  8.9580380e+000
  4.1100000e-001  1.4184690e+001
  4.1200000e-001  1.5785713e+001
  4.1300000e-001  1.0440426e+001
  4.1400000e-001  1.1364364e+001
  4.1500000e-001  1.3453389e+001
  4.1600000e-001  8.4492735e+000
  4.1700000e-001 -1.0556706e+001
  4.1800000e-001 -2.0422393e+001
  4.1900000e-001 -8.5604885e+000
  4.2000000e-001  1.5251412e+001
  4.2100000e-001  3.0923449e+001
  4.2200000e-001  2.7461146e+001
  4.2300000e-001  2.4287984e+001
  4.2400000e-001  2.2500106e+001
  4.2500000e-001  3.9576392e+001
  4.2600000e-001  4.1171412e+001
  4.2700000e-001  2.3447853e+001
  4.2800000e-001  4.7436541e+000
  4.2900000e-001 -1.1650991e+000
  4.3000000e-001  6.1105758e+000
  4.3100000e-001  1.3668420e+001
  4.3200000e-001  5.0141111e+000
  4.3300000e-001 -1.8685537e+001
  4.3400000e-001 -1.8842545e+001
  4.3500000e-001 -9.2322544e-001
  4.3600000e-001  1.8228387e+001
  4.3700000e-001  1.1434356e+001
  4.3800000e-001 -6.5667856e+000
  4.3900000e-001 -4.8025194e+000
  4.4000000e-001  1.1264020e+001
  4.4100000e-001  4.7148776e+000
  4.4200000e-001  9.4429093e+000
  4.4300000e-001  2.6634947e+001
  4.4400000e-001  8.9997687e+000
  4.4500000e-001  1.0207703e+001
  4.4600000e-001 -4.6794025e+000
  4.4700000e-001 -2.4695779e+001
  4.4800000e-001 -1.9601032e+001
  4.4900000e-001  5.6329622e+000
  4.5000000e-001  3.1571152e+001
  4.5100000e-001  3.7373350e+001
  4.5200000e-001  2.4108697e+001
  4.5300000e-001  1.0958878e+001
  4.5400000e-001  2.7594679e+000
  4.5500000e-001 -1.7341884e+000
  4.5600000e-001  6.3806674e+000
  4.5700000e-001  1.3002771e+001
  4.5800000e-001  8.1933857e+000
  4.5900000e-001 -2.2827656e+000
  4.6000000e-001  5.5575864e+000
  4.6100000e-001  2.9695219e+000
  4.6200000e-001 -2.5630253e+001
  4.6300000e-001 -1.6373605e+001
  4.6400000e-001  3.9522778e+000
  4.6500000e-001  2.2715287e+001
  4.6600000e-001  3.5672811e+000
  4.6700000e-001 -1.2902361e+001
  4.6800000e-001 -1.2577734e+001
  4.6900000e-001 -4.4591139e+000
  4.7000000e-001  1.6668789e+001
  4.7100000e-001  3.3605687e+001
  4.7200000e-001  3.1370358e+001
  4.7300000e-001  2.7162609e+001
  4.7400000e-001  1.0559766e+001
  4.7500000e-001 -6.7970441e+000
  4.7600000e-001 -1.8151503e+000
  4.7700000e-001  7.6966476e-001
  4.7800000e-001  1.3435898e+000
  4.7900000e-001 -2.0315281e+000
  4.8000000e-001  2.9393463e+000
  4.8100000e-001  1.0011557e+001
  4.8200000e-001  1.4685077e+001
  4.8300000e-001  8.3902913e+000
  4.8400000e-001  5.6441507e+000
  4.8500000e-001  7.4589744e+000
  4.8600000e-001  5.2842488e+000
  4.8700000e-001  5.6936791e+000
  4.8800000e-001  4.4527708e+000
  4.8900000e-001  4.1310584e+000
  4.9000000e-001  1.3282947e+000
  4.9100000e-001  4.5551306e-001
  4.9200000e-001  7.7460994e+000
  4.9300000e-001  1.0337401e+001
  4.9400000e-001  4.3729113e+000
  4.9500000e-001  6.6153283e+000
  4.9600000e-001  1.0740916e+001
  4.9700000e-001  1.7607673e+001
  4.9800000e-001  1.2622366e+001
  4.9900000e-001 -3.3721461e+000
  5.0000000e-001 -1.0598584e+001
  5.0100000e-001 -4.4806039e+000
  5.0200000e-001  2.4371983e+000
  5.0300000e-001  4.6998059e+000
  5.0400000e-001  6.4259778e-001
  5.0500000e-001  2.2031136e+000
  5.0600000e-001  1.9206626e+000
  5.0700000e-001  7.9449721e+000
  5.0800000e-001  6.0274205e+000
  5.0900000e-001  2.1710606e+000
  5.1000000e-001 -2.7857313e+000
  5.1100000e-001 -4.2683242e+000
  5.1200000e-001  8.2458140e-001
  5.1300000e-001  6.1245756e+000
  5.1400000e-001  1.7924384e-001
  5.1500000e-001 -6.3970296e+000
  5.1600000e-001 -5.3243803e+000
  5.1700000e-001  4.8287172e-002
  5.1800000e-001  1.1394939e+001
  5.1900000e-001  1.3053738e+001
  5.2000000e-001  8.1216946e+000
  5.2100000e-001  2.3696128e+001
  5.2200000e-001  2.2913998e+001
  5.2300000e-001  4.3384625e+000
  5.2400000e-001 -1.2083461e+001
  5.2500000e-001 -2.1150595e+001
  5.2600000e-001 -1.6037484e+001
  5.2700000e-001 -3.3882335e+000
  5.2800000e-001  4.3381023e+000
  5.2900000e-001  4.1672500e+000
  5.3000000e-001  5.1145456e+000
  5.3100000e-001 -3.0773372e-001
  5.3200000e-001  7.7863502e+000
  5.3300000e-001  1.1609384e+001
  5.3400000e-001  1.0378699e+001
  5.3500000e-001  2.4369180e+001
  5.3600000e-001  6.0253562e-001
  5.3700000e-001 -3.1445385e+001
  5.3800000e-001 -1.8382003e+001
  5.3900000e-001  5.5083052e+000
  5.4000000e-001  3.5586949e+001
  5.4100000e-001  2.4762522e+001
  5.4200000e-001  1.8091561e+001
  5.4300000e-001  2.4651333e+001
  5.4400000e-001  3.1646677e+001
  5.4500000e-001  2.5688641e+001
  5.4600000e-001  9.0657144e+000
  5.4700000e-001 -5.0919280e+000
  5.4800000e-001 -1.3999942e+001
  5.4900000e-001 -2.1730977e+001
  5.5000000e-001 -1.3439146e+001
  5.5100000e-001  4.9630892e-001
  5.5200000e-001  1.3069497e+000
  5.5300000e-001  5.7799867e+000
  5.5400000e-001 -8.4710907e+000
  5.5500000e-001 -6.8319530e+000
  5.5600000e-001 -1.2132708e+001
  5.5700000e-001 -1.6818277e+000
  5.5800000e-001  2.8563185e+000
  5.5900000e-001 -3.0029513e+000
  5.6000000e-001  8.4968236e+000
  5.6100000e-001  2.0615579e+001
  5.6200000e-001  2.7359196e+001
  5.6300000e-001  1.3347200e+001
  5.6400000e-001  1.1345577e+001
  5.6500000e-001  1.1167400e+001
  5.6600000e-001 -2.9506834e+000
  5.6700000e-001 -1.1821759e+001
  5.6800000e-001  6.3156793e+000
  5.6900000e-001  1.8200231e+001
  5.7000000e-001  4.8627298e+000
  5.7100000e-001  5.8557553e-001
  5.7200000e-001  7.0053538e+000
  5.7300000e-001  1.9712266e+001
  5.7400000e-001  2.4775903e+001
  5.7500000e-001  2.9408147e+001
  5.7600000e-001  3.0592524e+001
  5.7700000e-001  2.1968620e+001
  5.7800000e-001  2.3230230e+001
  5.7900000e-001  1.9254898e+001
  5.8000000e-001  1.0569502e+001
  5.8100000e-001  4.1434404e+000
  5.8200000e-001  2.8925126e+000
  5.8300000e-001 -2.2433335e+000
  5.8400000e-001 -3.1073502e+000
  5.8500000e-001  8.8795753e+000
  5.8600000e-001  1.0772374e+001
  5.8700000e-001 -1.5011385e+000
  5.8800000e-001 -5.3369508e+000
  5.8900000e-001 -2.9304109e+000
  5.9000000e-001  4.8425575e+000
  5.9100000e-001  1.8302522e+001
  5.9200000e-001  2.6794143e+001
  5.9300000e-001  1.8457750e+001
  5.9400000e-001  4.2359888e+000
  5.9500000e-001 -3.2941068e+000
  5.9600000e-001 -1.0258522e-001
  5.9700000e-001  1.1526686e+000
  5.9800000e-001  5.1276522e+000
  5.9900000e-001  3.2514344e+000
  6.0000000e-001 -3.2964923e+000
  6.0100000e-001 -1.6946123e+000
  6.0200000e-001 -9.6636553e+000
  6.0300000e-001 -1.7106553e+001
  6.0400000e-001 -7.2692026e+000
  6.0500000e-001 -2.3223418e+000
  6.0600000e-001  3.5712646e+000
  6.0700000e-001  2.3731679e+001
  6.0800000e-001  3.9749365e+001
  6.0900000e-001  2.9701507e+001
  6.1000000e-001  3.0810990e+001
  6.1100000e-001  3.6024999e+001
  6.1200000e-001  3.4538670e+001
  6.1300000e-001  1.9831828e+001
  6.1400000e-001  5.7007340e+000
  6.1500000e-001  2.5682486e+000
  6.1600000e-001  6.8631316e+000
  6.1700000e-001  1.9254054e+001
  6.1800000e-001  1.5520998e+001
  6.1900000e-001 -7.5564537e+000
  6.2000000e-001 -1.5501808e+001
  6.2100000e-001 -1.5807619e+000
  6.2200000e-001  5.7692955e+000
  6.2300000e-001  1.3331292e+001
  6.2400000e-001 -2.2496902e+000
  6.2500000e-001 -1.3837527e+001
  6.2600000e-001 -8.8455715e+000
  6.2700000e-001 -6.5223232e+000
  6.2800000e-001 -6.9878866e-001
  6.2900000e-001 -7.1380685e+000
  6.3000000e-001 -1.2357890e+001
  6.3100000e-001 -1.2238914e+001
  6.3200000e-001 -1.2448514e+000
  6.3300000e-001  1.9306014e+001
  6.3400000e-001  1.5449203e+001
  6.3500000e-001  1.3802428e+001
  6.3600000e-001  3.5919282e+000
  6.3700000e-001 -1.2037760e+001
  6.3800000e-001 -5.0387224e+000
  6.3900000e-001  4.2314600e+000
  6.4000000e-001 -5.9050946e-001
  6.4100000e-001 -9.0801257e+000
  6.4200000e-001 -1.1910781e+001
  6.4300000e-001 -9.0868928e+000
  6.4400000e-001  1.6115491e+001
  6.4500000e-001  3.5283665e+001
  6.4600000e-001  4.5819821e+001
  6.4700000e-001  6.2850332e+001
  6.4800000e-001  4.2695648e+001
  6.4900000e-001  2.3111643e+001
  6.5000000e-001  3.7910875e+001
  6.5100000e-001  4.2723226e+001
  6.5200000e-001  1.4920088e+001
  6.5300000e-001  1.1986411e+001
  6.5400000e-001  1.3639910e+001
  6.5500000e-001  2.7571636e+001
  6.5600000e-001  2.9822369e+001
  6.5700000e-001  1.1274619e+001
  6.5800000e-001 -7.9913037e+000
  6.5900000e-001  5.0517031e+000
  6.6000000e-001  1.4113327e+001
  6.6100000e-001  1.5373603e+001
  6.6200000e-001  2.6634582e+001
  6.6300000e-001  3.6530836e+001
  6.6400000e-001  2.6151278e+001
  6.6500000e-001  2.0219259e+001
  6.6600000e-001  2.1450617e+001
  6.6700000e-001  2.9597881e+000
  6.6800000e-001  1.8744524e+000
  6.6900000e-001  1.2375790e+001
  6.7000000e-001  1.7297964e+001
  6.7100000e-001  1.4233528e+001
  6.7200000e-001  1.7998777e+001
  6.7300000e-001  2.6556342e+001
  6.7400000e-001  2.6204109e+001
  6.7500000e-001  1.7967222e+001
  6.7600000e-001  1.6682522e+001
  6.7700000e-001  8.4433160e+000
  6.7800000e-001 -4.0670523e+000
  6.7900000e-001  6.3264300e+000
  6.8000000e-001  1.5665356e+001
  6.8100000e-001  3.3942990e+000
  6.8200000e-001 -1.1289674e+001
  6.8300000e-001 -1.8727138e+001
  6.8400000e-001  5.2071433e+000
  6.8500000e-001  2.5717434e+001
  6.8600000e-001  1.3505701e+001
  6.8700000e-001  6.6237599e+000
  6.8800000e-001  1.9575889e+001
  6.8900000e-001  1.7520907e+001
  6.9000000e-001  5.5040442e+000
  6.9100000e-001  1.0574958e+001
  6.9200000e-001  2.4549569e+001
  6.9300000e-001  3.8448313e+001
  6.9400000e-001  2.3201147e+001
  6.9500000e-001  1.0934990e+001
  6.9600000e-001  3.0797919e+001
  6.9700000e-001  4.1339612e+001
  6.9800000e-001  3.0155006e+001
  6.9900000e-001  1.0031275e+001
  7.0000000e-001  8.1129015e+000
  7.0100000e-001  1.9204225e+001
  7.0200000e-001  3.1080301e+001
  7.0300000e-001  3.9441325e+001
  7.0400000e-001  3.7339752e+001
  7.0500000e-001  3.7178113e+001
  7.0600000e-001  3.5236788e+001
  7.0700000e-001  4.4503188e+001
  7.0800000e-001  4.9470861e+001
  7.0900000e-001  3.5519819e+001
  7.1000000e-001  3.2681980e+001
  7.1100000e-001  3.5160308e+001
  7.1200000e-001  4.1720655e+001
  7.1300000e-001  4.8686020e+001
  7.1400000e-001  3.6622630e+001
  7.1500000e-001  5.3637270e+000
  7.1600000e-001 -8.7680827e+000
  7.1700000e-001 -2.1095853e+000
  7.1800000e-001  1.7224578e+001
  7.1900000e-001  2.1536535e+001
  7.2000000e-001 -9.0345830e+000
  7.2100000e-001 -1.6485243e+001
  7.2200000e-001 -4.2224562e+000
  7.2300000e-001 -1.7392068e+000
  7.2400000e-001  2.3246856e+000
  7.2500000e-001  1.8902020e+000
  7.2600000e-001  1.0051056e+001
  7.2700000e-001  2.1903844e+001
  7.2800000e-001  2.5653268e+001
  7.2900000e-001  2.8736283e+000
  7.3000000e-001 -7.0040420e-001
  7.3100000e-001  5.1655010e+000
  7.3200000e-001  2.3904381e+001
  7.3300000e-001  3.1507234e+001
  7.3400000e-001  1.4083156e+001
  7.3500000e-001  8.3200347e+000
  7.3600000e-001  1.6054608e+001
  7.3700000e-001  4.2408013e+001
  7.3800000e-001  4.2609028e+001
  7.3900000e-001  1.6366479e+001
  7.4000000e-001  3.2940135e+000
  7.4100000e-001  1.2185321e+001
  7.4200000e-001  1.6856536e+001
  7.4300000e-001  6.4309208e+000
  7.4400000e-001  2.3754249e+001
  7.4500000e-001  3.6927843e+001
  7.4600000e-001  3.8045480e+001
  7.4700000e-001  3.0720471e+001
  7.4800000e-001  2.0604051e+000
  7.4900000e-001  1.0432261e+001
  7.5000000e-001  3.2519754e+001
  7.5100000e-001  3.9356784e+001
  7.5200000e-001  2.1724227e+001
  7.5300000e-001 -1.0702430e+001
  7.5400000e-001 -1.7677377e+001
  7.5500000e-001 -2.1116486e+001
  7.5600000e-001 -1.7655405e+000
  7.5700000e-001  2.7502474e+001
  7.5800000e-001  3.1174698e+001
  7.5900000e-001  2.0993468e+001
  7.6000000e-001  2.0677187e+001
  7.6100000e-001  1.1116677e+001
  7.6200000e-001  3.6370563e+000
  7.6300000e-001  1.9520743e+001
  7.6400000e-001  2.2250051e+001
  7.6500000e-001  1.3388118e+001
  7.6600000e-001  1.0110624e+001
  7.6700000e-001 -1.9477145e+000
  7.6800000e-001  1.8476160e+000
  7.6900000e-001  2.8580315e+001
  7.7000000e-001  3.8069639e+001
  7.7100000e-001  2.4366147e+001
  7.7200000e-001  3.0020979e+001
  7.7300000e-001  1.9851716e+001
  7.7400000e-001  1.6661935e+001
  7.7500000e-001  2.5709076e+001
  7.7600000e-001  2.2061876e+001
  7.7700000e-001  2.8333202e+001
  7.7800000e-001  3.2406547e+001
  7.7900000e-001  4.3155208e+001
  7.8000000e-001  3.4168829e+001
  7.8100000e-001  2.5611410e+001
  7.8200000e-001  1.1096583e+001
  7.8300000e-001  1.9339972e+001
  7.8400000e-001  9.5123099e+000
  7.8500000e-001  1.0290470e+001
  7.8600000e-001  1.7526722e+001
  7.8700000e-001  8.4140883e+000
  7.8800000e-001  9.2789846e+000
  7.8900000e-001  1.0521901e+001
  7.9000000e-001  9.3198459e+000
  7.9100000e-001  5.8745903e-001
  7.9200000e-001  2.1154188e+001
  7.9300000e-001  8.9653761e+000
  7.9400000e-001  1.4311853e+001
  7.9500000e-001  2.7105456e+001
  7.9600000e-001  2.1367266e+001
  7.9700000e-001  2.2811323e+001
  7.9800000e-001  1.1428674e+001
  7.9900000e-001  5.8765691e+000
  8.0000000e-001  9.9140526e+000
  8.0100000e-001  4.7872921e+000
  8.0200000e-001  1.3273655e+001
  8.0300000e-001  2.3168193e+001
  8.0400000e-001  1.8397267e+001
  8.0500000e-001  8.9328476e+000
  8.0600000e-001  1.0039293e+001
  8.0700000e-001  8.5597070e-002
  8.0800000e-001 -1.3264701e+001
  8.0900000e-001  1.8512426e+000
  8.1000000e-001  1.2306829e+001
  8.1100000e-001  1.0958380e+001
  8.1200000e-001  4.4927455e+000
  8.1300000e-001 -1.6792620e+001
  8.1400000e-001 -4.6768418e+000
  8.1500000e-001  1.0941546e+001
  8.1600000e-001  2.2790177e+001
  8.1700000e-001  3.3660045e+001
  8.1800000e-001  2.2953999e+001
  8.1900000e-001  3.9227081e+001
  8.2000000e-001  5.8628088e+001
  8.2100000e-001  3.3271801e+001
  8.2200000e-001  3.2137650e+001
  8.2300000e-001  3.9711666e+001
  8.2400000e-001  2.2143142e+001
  8.2500000e-001  1.0846676e+001
  8.2600000e-001  1.8335213e+001
  8.2700000e-001  2.3534936e+001
  8.2800000e-001  5.0618208e+001
  8.2900000e-001  4.4628569e+001
  8.3000000e-001  2.7910453e+001
  8.3100000e-001  2.1362550e+001
  8.3200000e-001  2.1994843e+001
  8.3300000e-001  1.5050823e+001
  8.3400000e-001  1.7122135e+001
  8.3500000e-001  2.3414714e+001
  8.3600000e-001  3.1367631e+001
  8.3700000e-001  4.3692372e+001
  8.3800000e-001  3.7485397e+001
  8.3900000e-001  3.8990510e+001
  8.4000000e-001  4.7771560e+001
  8.4100000e-001  4.1110102e+001
  8.4200000e-001  3.9994442e+001
  8.4300000e-001  1.7485012e+001
  8.4400000e-001  2.6829254e+001
  8.4500000e-001  2.3571027e+001
  8.4600000e-001  9.9448158e+000
  8.4700000e-001  6.9087781e+000
  8.4800000e-001  1.0646416e+001
  8.4900000e-001  1.9513243e+001
  8.5000000e-001  3.0267178e+001
  8.5100000e-001  4.8392277e+001
  8.5200000e-001  3.6252146e+001
  8.5300000e-001  3.1444993e+001
  8.5400000e-001  4.5287073e+001
  8.5500000e-001  4.6933061e+001
  8.5600000e-001  3.8728533e+001
  8.5700000e-001  4.8995521e+001
  8.5800000e-001  3.9781916e+001
  8.5900000e-001  3.8718920e+001
  8.6000000e-001  3.0061073e+001
  8.6100000e-001  2.9827944e+001
  8.6200000e-001  2.0807000e+001
  8.6300000e-001  1.4091414e+001
  8.6400000e-001  2.8566429e+001
  8.6500000e-001  2.6191334e+001
  8.6600000e-001  2.8468949e+001
  8.6700000e-001  3.0557738e+001
  8.6800000e-001  3.4320092e+001
  8.6900000e-001  4.7308264e+001
  8.7000000e-001  4.4068542e+001
  8.7100000e-001  4.1071202e+001
  8.7200000e-001  3.0888031e+001
  8.7300000e-001  3.2790769e+001
  8.7400000e-001  4.1510463e+001
  8.7500000e-001  5.4883139e+001
  8.7600000e-001  5.6800528e+001
  8.7700000e-001  1.9539157e+001
  8.7800000e-001  1.4737983e+001
  8.7900000e-001  2.1895497e+001
  8.8000000e-001  1.8279372e+001
  8.8100000e-001  2.1913232e+001
  8.8200000e-001  2.4809872e+001
  8.8300000e-001  1.9073660e+001
  8.8400000e-001  1.2893144e+001
  8.8500000e-001  2.0717353e+001
  8.8600000e-001  3.2084025e+001
  8.8700000e-001  3.5607518e+001
  8.8800000e-001  2.4641564e+001
  8.8900000e-001  2.6080848e+001
  8.9000000e-001  3.8843556e+001
  8.9100000e-001  2.5114587e+001
  8.9200000e-001  1.8843441e+001
  8.9300000e-001  3.3054021e+001
  8.9400000e-001  3.7493815e+001
  8.9500000e-001  1.9944623e+001
  8.9600000e-001  2.0214393e+001
  8.9700000e-001  1.2725348e+001
  8.9800000e-001  1.7503069e+001
  8.9900000e-001  2.6273304e+001
  9.0000000e-001  3.9373911e+001
  9.0100000e-001  2.6737107e+001
  9.0200000e-001  2.3753143e+001
  9.0300000e-001  3.9718744e+001
  9.0400000e-001  4.0204289e+001
  9.0500000e-001  1.4100908e+001
  9.0600000e-001  7.9907888e+000
  9.0700000e-001  3.0635892e+001
  9.0800000e-001  3.3251311e+001
  9.0900000e-001  1.0822642e+001
  9.1000000e-001  1.0377056e+001
  9.1100000e-001  1.2434590e+001
  9.1200000e-001  2.1272151e+001
  9.1300000e-001  3.3757585e+001
  9.1400000e-001  2.7617236e+001
  9.1500000e-001  3.5862446e+001
  9.1600000e-001  2.4502213e+001
  9.1700000e-001  1.7844045e+001
  9.1800000e-001  1.0170546e+001
  9.1900000e-001  7.7722040e+000
  9.2000000e-001 -1.2094096e+001
  9.2100000e-001 -3.2750986e+001
  9.2200000e-001 -4.9426648e+001
  9.2300000e-001 -5.9627714e+001
  9.2400000e-001 -5.9064846e+001
  9.2500000e-001 -4.9940822e+001
  9.2600000e-001 -5.3926793e+001
  9.2700000e-001 -7.3498222e+001
  9.2800000e-001 -6.2247489e+001
  9.2900000e-001 -5.3619617e+001
  9.3000000e-001 -5.7391465e+001
  9.3100000e-001 -4.8361506e+001
  9.3200000e-001 -4.5735464e+001
  9.3300000e-001 -4.3105037e+001
  9.3400000e-001 -5.1778199e+001
  9.3500000e-001 -3.5390929e+001
  9.3600000e-001 -3.0292688e+001
  9.3700000e-001 -4.0176883e+001
  9.3800000e-001 -4.6885036e+001
  9.3900000e-001 -4.0372683e+001
  9.4000000e-001 -3.4568955e+001
  9.4100000e-001 -3.4274979e+001
  9.4200000e-001 -5.0501115e+001
  9.4300000e-001 -4.5162721e+001
  9.4400000e-001 -3.7358954e+001
  9.4500000e-001 -4.5876048e+001
  9.4600000e-001 -3.0673419e+001
  9.4700000e-001 -7.7651109e+000
  9.4800000e-001 -3.7569324e+000
  9.4900000e-001 -5.4493043e-001
  9.5000000e-001 -2.5203147e+000
  9.5100000e-001  9.3357551e+000
  9.5200000e-001  2.2961198e+000
  9.5300000e-001  1.3876234e+000
  9.5400000e-001             NaN
  9.5500000e-001             NaN
  9.5600000e-001             NaN
  9.5700000e-001             NaN
  9.5800000e-001             NaN
  9.5900000e-001             NaN
  9.6000000e-001             NaN
  9.6100000e-001             NaN
  9.6200000e-001             NaN
  9.6300000e-001             NaN
  9.6400000e-001             NaN
  9.6500000e-001  0.0000000e+000
  9.6600000e-001  0.0000000e+000
  9.6700000e-001  0.0000000e+000
  9.6800000e-001  0.0000000e+000
  9.6900000e-001  0.0000000e+000
  9.7000000e-001  0.0000000e+000
  9.7100000e-001  0.0000000e+000
  9.7200000e-001  0.0000000e+000
  9.7300000e-001  0.0000000e+000
  9.7400000e-001  0.0000000e+000
  9.7500000e-001  0.0000000e+000
  9.7600000e-001  0.0000000e+000
  9.7700000e-001  0.0000000e+000
  9.7800000e-001  0.0000000e+000
  9.7900000e-001  0.0000000e+000
  9.8000000e-001  0.0000000e+000
  9.8100000e-001  0.0000000e+000
  9.8200000e-001  0.0000000e+000
  9.8300000e-001  0.0000000e+000
  9.8400000e-001  0.0000000e+000
  9.8500000e-001  0.0000000e+000
  9.8600000e-001  0.0000000e+000
  9.8700000e-001  0.0000000e+000
  9.8800000e-001  0.0000000e+000
  9.8900000e-001  0.0000000e+000
  9.9000000e-001  0.0000000e+000
  9.9100000e-001  0.0000000e+000
  9.9200000e-001  0.0000000e+000
  9.9300000e-001  0.0000000e+000
  9.9400000e-001  0.0000000e+000
  9.9500000e-001  0.0000000e+000
  9.9600000e-001  0.0000000e+000
  9.9700000e-001  0.0000000e+000
  9.9800000e-001  0.0000000e+000
  9.9900000e-001  0.0000000e+000
  1.0000000e+000  0.0000000e+000
