  0.0000000e+000  0.0000000e+000
  1.0000000e-003  0.0000000e+000
  2.0000000e-003  0.0000000e+000
  3.0000000e-003  0.0000000e+000
  4.0000000e-003  0.0000000e+000
  5.0000000e-003  0.0000000e+000
  6.0000000e-003  0.0000000e+000
  7.0000000e-003  0.0000000e+000
  8.0000000e-003  0.0000000e+000
  9.0000000e-003  0.0000000e+000
  1.0000000e-002  0.0000000e+000
  1.1000000e-002  0.0000000e+000
  1.2000000e-002  0.0000000e+000
  1.3000000e-002  0.0000000e+000
  1.4000000e-002  0.0000000e+000
  1.5000000e-002  0.0000000e+000
  1.6000000e-002  0.0000000e+000
  1.7000000e-002  0.0000000e+000
  1.8000000e-002  0.0000000e+000
  1.9000000e-002  0.0000000e+000
  2.0000000e-002  0.0000000e+000
  2.1000000e-002  0.0000000e+000
  2.2000000e-002  0.0000000e+000
  2.3000000e-002  0.0000000e+000
  2.4000000e-002  0.0000000e+000
  2.5000000e-002  0.0000000e+000
  2.6000000e-002  0.0000000e+000
  2.7000000e-002  0.0000000e+000
  2.8000000e-002  0.0000000e+000
  2.9000000e-002  0.0000000e+000
  3.0000000e-002  0.0000000e+000
  3.1000000e-002  0.0000000e+000
  3.2000000e-002  0.0000000e+000
  3.3000000e-002  0.0000000e+000
  3.4000000e-002  0.0000000e+000
  3.5000000e-002  0.0000000e+000
  3.6000000e-002  0.0000000e+000
  3.7000000e-002  0.0000000e+000
  3.8000000e-002  0.0000000e+000
  3.9000000e-002  0.0000000e+000
  4.0000000e-002  0.0000000e+000
  4.1000000e-002  0.0000000e+000
  4.2000000e-002  0.0000000e+000
  4.3000000e-002  0.0000000e+000
  4.4000000e-002  0.0000000e+000
  4.5000000e-002  0.0000000e+000
  4.6000000e-002  0.0000000e+000
  4.7000000e-002  0.0000000e+000
  4.8000000e-002  0.0000000e+000
  4.9000000e-002  0.0000000e+000
  5.0000000e-002  0.0000000e+000
  5.1000000e-002  0.0000000e+000
  5.2000000e-002  0.0000000e+000
  5.3000000e-002  0.0000000e+000
  5.4000000e-002  0.0000000e+000
  5.5000000e-002  0.0000000e+000
  5.6000000e-002  0.0000000e+000
  5.7000000e-002  0.0000000e+000
  5.8000000e-002  0.0000000e+000
  5.9000000e-002  0.0000000e+000
  6.0000000e-002  0.0000000e+000
  6.1000000e-002  0.0000000e+000
  6.2000000e-002  0.0000000e+000
  6.3000000e-002  0.0000000e+000
  6.4000000e-002  0.0000000e+000
  6.5000000e-002  0.0000000e+000
  6.6000000e-002  0.0000000e+000
  6.7000000e-002  0.0000000e+000
  6.8000000e-002  0.0000000e+000
  6.9000000e-002  0.0000000e+000
  7.0000000e-002  0.0000000e+000
  7.1000000e-002  0.0000000e+000
  7.2000000e-002  0.0000000e+000
  7.3000000e-002  0.0000000e+000
  7.4000000e-002  0.0000000e+000
  7.5000000e-002  0.0000000e+000
  7.6000000e-002  0.0000000e+000
  7.7000000e-002  0.0000000e+000
  7.8000000e-002  0.0000000e+000
  7.9000000e-002  0.0000000e+000
  8.0000000e-002  0.0000000e+000
  8.1000000e-002  0.0000000e+000
  8.2000000e-002  0.0000000e+000
  8.3000000e-002  0.0000000e+000
  8.4000000e-002  0.0000000e+000
  8.5000000e-002  0.0000000e+000
  8.6000000e-002  0.0000000e+000
  8.7000000e-002  0.0000000e+000
  8.8000000e-002  0.0000000e+000
  8.9000000e-002  0.0000000e+000
  9.0000000e-002  0.0000000e+000
  9.1000000e-002  0.0000000e+000
  9.2000000e-002  0.0000000e+000
  9.3000000e-002  0.0000000e+000
  9.4000000e-002  0.0000000e+000
  9.5000000e-002  0.0000000e+000
  9.6000000e-002  0.0000000e+000
  9.7000000e-002  0.0000000e+000
  9.8000000e-002  0.0000000e+000
  9.9000000e-002  0.0000000e+000
  1.0000000e-001  0.0000000e+000
  1.0100000e-001  0.0000000e+000
  1.0200000e-001  0.0000000e+000
  1.0300000e-001  0.0000000e+000
  1.0400000e-001  0.0000000e+000
  1.0500000e-001  0.0000000e+000
  1.0600000e-001  0.0000000e+000
  1.0700000e-001  0.0000000e+000
  1.0800000e-001  0.0000000e+000
  1.0900000e-001  0.0000000e+000
  1.1000000e-001  0.0000000e+000
  1.1100000e-001  0.0000000e+000
  1.1200000e-001  0.0000000e+000
  1.1300000e-001  0.0000000e+000
  1.1400000e-001  0.0000000e+000
  1.1500000e-001  0.0000000e+000
  1.1600000e-001  0.0000000e+000
  1.1700000e-001  0.0000000e+000
  1.1800000e-001  0.0000000e+000
  1.1900000e-001  0.0000000e+000
  1.2000000e-001  0.0000000e+000
  1.2100000e-001  0.0000000e+000
  1.2200000e-001  0.0000000e+000
  1.2300000e-001  0.0000000e+000
  1.2400000e-001  0.0000000e+000
  1.2500000e-001  0.0000000e+000
  1.2600000e-001  0.0000000e+000
  1.2700000e-001  0.0000000e+000
  1.2800000e-001  0.0000000e+000
  1.2900000e-001  0.0000000e+000
  1.3000000e-001  0.0000000e+000
  1.3100000e-001  0.0000000e+000
  1.3200000e-001  0.0000000e+000
  1.3300000e-001  0.0000000e+000
  1.3400000e-001  0.0000000e+000
  1.3500000e-001  0.0000000e+000
  1.3600000e-001  0.0000000e+000
  1.3700000e-001  0.0000000e+000
  1.3800000e-001  0.0000000e+000
  1.3900000e-001  0.0000000e+000
  1.4000000e-001  0.0000000e+000
  1.4100000e-001  0.0000000e+000
  1.4200000e-001  0.0000000e+000
  1.4300000e-001  0.0000000e+000
  1.4400000e-001  0.0000000e+000
  1.4500000e-001  0.0000000e+000
  1.4600000e-001  0.0000000e+000
  1.4700000e-001  0.0000000e+000
  1.4800000e-001  0.0000000e+000
  1.4900000e-001  0.0000000e+000
  1.5000000e-001  0.0000000e+000
  1.5100000e-001  0.0000000e+000
  1.5200000e-001  0.0000000e+000
  1.5300000e-001  0.0000000e+000
  1.5400000e-001  0.0000000e+000
  1.5500000e-001  0.0000000e+000
  1.5600000e-001  0.0000000e+000
  1.5700000e-001  0.0000000e+000
  1.5800000e-001  0.0000000e+000
  1.5900000e-001  0.0000000e+000
  1.6000000e-001  0.0000000e+000
  1.6100000e-001  0.0000000e+000
  1.6200000e-001  0.0000000e+000
  1.6300000e-001  0.0000000e+000
  1.6400000e-001  0.0000000e+000
  1.6500000e-001  0.0000000e+000
  1.6600000e-001  0.0000000e+000
  1.6700000e-001  0.0000000e+000
  1.6800000e-001  0.0000000e+000
  1.6900000e-001  0.0000000e+000
  1.7000000e-001  0.0000000e+000
  1.7100000e-001  0.0000000e+000
  1.7200000e-001  0.0000000e+000
  1.7300000e-001  0.0000000e+000
  1.7400000e-001  0.0000000e+000
  1.7500000e-001  0.0000000e+000
  1.7600000e-001  0.0000000e+000
  1.7700000e-001  0.0000000e+000
  1.7800000e-001  0.0000000e+000
  1.7900000e-001  0.0000000e+000
  1.8000000e-001  0.0000000e+000
  1.8100000e-001  0.0000000e+000
  1.8200000e-001  0.0000000e+000
  1.8300000e-001  0.0000000e+000
  1.8400000e-001  0.0000000e+000
  1.8500000e-001  0.0000000e+000
  1.8600000e-001  0.0000000e+000
  1.8700000e-001  0.0000000e+000
  1.8800000e-001  0.0000000e+000
  1.8900000e-001  0.0000000e+000
  1.9000000e-001  0.0000000e+000
  1.9100000e-001  0.0000000e+000
  1.9200000e-001  0.0000000e+000
  1.9300000e-001  0.0000000e+000
  1.9400000e-001  0.0000000e+000
  1.9500000e-001  0.0000000e+000
  1.9600000e-001  0.0000000e+000
  1.9700000e-001  0.0000000e+000
  1.9800000e-001  0.0000000e+000
  1.9900000e-001  0.0000000e+000
  2.0000000e-001  0.0000000e+000
  2.0100000e-001  0.0000000e+000
  2.0200000e-001  0.0000000e+000
  2.0300000e-001  0.0000000e+000
  2.0400000e-001  0.0000000e+000
  2.0500000e-001  0.0000000e+000
  2.0600000e-001  0.0000000e+000
  2.0700000e-001  0.0000000e+000
  2.0800000e-001  0.0000000e+000
  2.0900000e-001  0.0000000e+000
  2.1000000e-001  0.0000000e+000
  2.1100000e-001  0.0000000e+000
  2.1200000e-001  0.0000000e+000
  2.1300000e-001  0.0000000e+000
  2.1400000e-001 -7.2893130e-001
  2.1500000e-001 -8.1199127e-001
  2.1600000e-001 -1.0464396e+000
  2.1700000e-001 -5.4566085e-001
  2.1800000e-001  1.1756781e+000
  2.1900000e-001  2.5234224e+000
  2.2000000e-001  3.6563463e+000
  2.2100000e-001  2.1659842e+000
  2.2200000e-001 -2.5618027e+000
  2.2300000e-001 -7.6514853e+000
  2.2400000e-001 -7.0176923e+000
  2.2500000e-001 -3.0843683e+000
  2.2600000e-001 -2.4621283e+000
  2.2700000e-001 -4.3406629e+000
  2.2800000e-001 -3.8185229e+000
  2.2900000e-001 -2.9803906e+000
  2.3000000e-001 -5.5454346e+000
  2.3100000e-001 -5.2532729e+000
  2.3200000e-001 -5.9608863e+000
  2.3300000e-001 -8.8048033e+000
  2.3400000e-001 -8.0332789e+000
  2.3500000e-001 -3.0941659e+000
  2.3600000e-001 -3.6037944e+000
  2.3700000e-001 -5.5204529e+000
  2.3800000e-001 -3.2427650e+000
  2.3900000e-001 -3.7443538e-001
  2.4000000e-001  1.0855647e+000
  2.4100000e-001 -3.3261966e+000
  2.4200000e-001 -1.0533515e+001
  2.4300000e-001 -1.2660245e+001
  2.4400000e-001 -1.6461918e+001
  2.4500000e-001 -1.9980329e+001
  2.4600000e-001 -2.4607432e+001
  2.4700000e-001 -2.2009575e+001
  2.4800000e-001 -1.2458946e+001
  2.4900000e-001 -6.1024575e+000
  2.5000000e-001 -2.8658248e+000
  2.5100000e-001 -2.2932282e+000
  2.5200000e-001 -2.3058019e+000
  2.5300000e-001 -4.7117901e+000
  2.5400000e-001 -1.0192752e+001
  2.5500000e-001 -1.5382270e+001
  2.5600000e-001 -1.5545947e+001
  2.5700000e-001 -1.5462384e+001
  2.5800000e-001 -1.1203333e+001
  2.5900000e-001 -5.8388625e+000
  2.6000000e-001 -4.2075211e+000
  2.6100000e-001 -5.6152949e+000
  2.6200000e-001 -3.6493676e+000
  2.6300000e-001 -9.9588052e+000
  2.6400000e-001 -1.1180871e+001
  2.6500000e-001 -9.1098216e+000
  2.6600000e-001 -8.9401924e+000
  2.6700000e-001 -1.4718488e+001
  2.6800000e-001 -2.5901404e+001
  2.6900000e-001 -3.6773228e+001
  2.7000000e-001 -4.1260044e+001
  2.7100000e-001 -4.0777728e+001
  2.7200000e-001 -3.5041040e+001
  2.7300000e-001 -2.8944317e+001
  2.7400000e-001 -2.6230188e+001
  2.7500000e-001 -3.0151705e+001
  2.7600000e-001 -3.1678503e+001
  2.7700000e-001 -2.8174364e+001
  2.7800000e-001 -2.2853551e+001
  2.7900000e-001 -2.7142234e+001
  2.8000000e-001 -3.9864779e+001
  2.8100000e-001 -4.9062130e+001
  2.8200000e-001 -5.2022402e+001
  2.8300000e-001 -4.7978698e+001
  2.8400000e-001 -4.1263753e+001
  2.8500000e-001 -3.8437393e+001
  2.8600000e-001 -4.5189946e+001
  2.8700000e-001 -5.4624339e+001
  2.8800000e-001 -6.1491393e+001
  2.8900000e-001 -6.2316451e+001
  2.9000000e-001 -6.2393796e+001
  2.9100000e-001 -6.4272193e+001
  2.9200000e-001 -6.2086478e+001
  2.9300000e-001 -6.0081616e+001
  2.9400000e-001 -6.6512560e+001
  2.9500000e-001 -7.1189619e+001
  2.9600000e-001 -7.4749173e+001
  2.9700000e-001 -7.0369475e+001
  2.9800000e-001 -6.8133286e+001
  2.9900000e-001 -7.5015656e+001
  3.0000000e-001 -8.5439527e+001
  3.0100000e-001 -9.3561884e+001
  3.0200000e-001 -9.7039554e+001
  3.0300000e-001 -9.9978771e+001
  3.0400000e-001 -1.0396607e+002
  3.0500000e-001 -1.1459794e+002
  3.0600000e-001 -1.1883168e+002
  3.0700000e-001 -1.1861755e+002
  3.0800000e-001 -1.1506574e+002
  3.0900000e-001 -1.1210433e+002
  3.1000000e-001 -1.0816553e+002
  3.1100000e-001 -1.1558025e+002
  3.1200000e-001 -1.2942665e+002
  3.1300000e-001 -1.3135539e+002
  3.1400000e-001 -1.3043288e+002
  3.1500000e-001 -1.2812979e+002
  3.1600000e-001 -1.3013907e+002
  3.1700000e-001 -1.3241254e+002
  3.1800000e-001 -1.3122260e+002
  3.1900000e-001 -1.2739028e+002
  3.2000000e-001 -1.1975814e+002
  3.2100000e-001 -1.1220606e+002
  3.2200000e-001 -1.0432777e+002
  3.2300000e-001 -1.0708813e+002
  3.2400000e-001 -1.2663462e+002
  3.2500000e-001 -1.4057744e+002
  3.2600000e-001 -1.3212274e+002
  3.2700000e-001 -1.1080787e+002
  3.2800000e-001 -9.7081658e+001
  3.2900000e-001 -9.7864234e+001
  3.3000000e-001 -1.0562644e+002
  3.3100000e-001 -1.0506824e+002
  3.3200000e-001 -1.0187482e+002
  3.3300000e-001 -1.1350059e+002
  3.3400000e-001 -1.3958634e+002
  3.3500000e-001 -1.6029863e+002
  3.3600000e-001 -1.6387617e+002
  3.3700000e-001 -1.5351513e+002
  3.3800000e-001 -1.3977276e+002
  3.3900000e-001 -1.3138114e+002
  3.4000000e-001 -1.3137116e+002
  3.4100000e-001 -1.3327486e+002
  3.4200000e-001 -1.3091380e+002
  3.4300000e-001 -1.2445937e+002
  3.4400000e-001 -1.1823914e+002
  3.4500000e-001 -1.1788551e+002
  3.4600000e-001 -1.2013691e+002
  3.4700000e-001 -1.2019500e+002
  3.4800000e-001 -1.1944475e+002
  3.4900000e-001 -1.2160480e+002
  3.5000000e-001 -1.2756645e+002
  3.5100000e-001 -1.3327759e+002
  3.5200000e-001 -1.3505200e+002
  3.5300000e-001 -1.3613644e+002
  3.5400000e-001 -1.3903463e+002
  3.5500000e-001 -1.3937212e+002
  3.5600000e-001 -1.3298385e+002
  3.5700000e-001 -1.2806491e+002
  3.5800000e-001 -1.3306300e+002
  3.5900000e-001 -1.4044509e+002
  3.6000000e-001 -1.3956160e+002
  3.6100000e-001 -1.3314604e+002
  3.6200000e-001 -1.2839297e+002
  3.6300000e-001 -1.2785200e+002
  3.6400000e-001 -1.2925073e+002
  3.6500000e-001 -1.3129309e+002
  3.6600000e-001 -1.3541290e+002
  3.6700000e-001 -1.3962740e+002
  3.6800000e-001 -1.3867299e+002
  3.6900000e-001 -1.3033663e+002
  3.7000000e-001 -1.1649814e+002
  3.7100000e-001 -1.0519600e+002
  3.7200000e-001 -1.0064710e+002
  3.7300000e-001 -9.6056496e+001
  3.7400000e-001 -8.8265958e+001
  3.7500000e-001 -8.4752716e+001
  3.7600000e-001 -8.7444316e+001
  3.7700000e-001 -8.6254698e+001
  3.7800000e-001 -7.6424723e+001
  3.7900000e-001 -6.8688315e+001
  3.8000000e-001 -6.9630408e+001
  3.8100000e-001 -7.6277370e+001
  3.8200000e-001 -8.6701978e+001
  3.8300000e-001 -9.4929859e+001
  3.8400000e-001 -9.2809776e+001
  3.8500000e-001 -8.1979305e+001
  3.8600000e-001 -7.4124100e+001
  3.8700000e-001 -7.7414604e+001
  3.8800000e-001 -8.9210514e+001
  3.8900000e-001 -9.8589274e+001
  3.9000000e-001 -9.6152893e+001
  3.9100000e-001 -8.2354228e+001
  3.9200000e-001 -6.5972347e+001
  3.9300000e-001 -5.3004039e+001
  3.9400000e-001 -4.4400447e+001
  3.9500000e-001 -4.1356103e+001
  3.9600000e-001 -4.4072469e+001
  3.9700000e-001 -5.0399404e+001
  3.9800000e-001 -5.6724407e+001
  3.9900000e-001 -6.0633096e+001
  4.0000000e-001 -6.3615829e+001
  4.0100000e-001 -6.7665198e+001
  4.0200000e-001 -7.2376229e+001
  4.0300000e-001 -7.7655645e+001
  4.0400000e-001 -8.4088976e+001
  4.0500000e-001 -8.8138257e+001
  4.0600000e-001 -8.6106507e+001
  4.0700000e-001 -7.9018352e+001
  4.0800000e-001 -6.6995273e+001
  4.0900000e-001 -5.1329912e+001
  4.1000000e-001 -3.6592269e+001
  4.1100000e-001 -2.8974645e+001
  4.1200000e-001 -3.3145942e+001
  4.1300000e-001 -4.5436406e+001
  4.1400000e-001 -5.4503580e+001
  4.1500000e-001 -5.3593437e+001
  4.1600000e-001 -4.9313427e+001
  4.1700000e-001 -4.9248003e+001
  4.1800000e-001 -4.9267762e+001
  4.1900000e-001 -4.3320105e+001
  4.2000000e-001 -3.5622482e+001
  4.2100000e-001 -3.3550744e+001
  4.2200000e-001 -3.7398192e+001
  4.2300000e-001 -4.5290851e+001
  4.2400000e-001 -5.4633113e+001
  4.2500000e-001 -5.9062205e+001
  4.2600000e-001 -5.7548317e+001
  4.2700000e-001 -5.6547539e+001
  4.2800000e-001 -5.8223407e+001
  4.2900000e-001 -5.9996175e+001
  4.3000000e-001 -5.7177892e+001
  4.3100000e-001 -4.9678471e+001
  4.3200000e-001 -4.9178275e+001
  4.3300000e-001 -5.9044118e+001
  4.3400000e-001 -6.6017032e+001
  4.3500000e-001 -6.2955351e+001
  4.3600000e-001 -5.3805875e+001
  4.3700000e-001 -4.5752722e+001
  4.3800000e-001 -4.5027228e+001
  4.3900000e-001 -4.7022341e+001
  4.4000000e-001 -4.5435684e+001
  4.4100000e-001 -4.4423870e+001
  4.4200000e-001 -4.5678527e+001
  4.4300000e-001 -4.6476555e+001
  4.4400000e-001 -4.7039320e+001
  4.4500000e-001 -4.8057460e+001
  4.4600000e-001 -4.8624702e+001
  4.4700000e-001 -4.6529292e+001
  4.4800000e-001 -4.2618152e+001
  4.4900000e-001 -4.2443989e+001
  4.5000000e-001 -4.3832415e+001
  4.5100000e-001 -3.8574909e+001
  4.5200000e-001 -2.9000811e+001
  4.5300000e-001 -2.2638215e+001
  4.5400000e-001 -2.3611122e+001
  4.5500000e-001 -2.8256828e+001
  4.5600000e-001 -2.5818282e+001
  4.5700000e-001 -1.9721329e+001
  4.5800000e-001 -2.0250665e+001
  4.5900000e-001 -1.7670205e+001
  4.6000000e-001 -5.1563139e+000
  4.6100000e-001 -1.6416141e+000
  4.6200000e-001 -1.7310457e+001
  4.6300000e-001 -3.1692208e+001
  4.6400000e-001 -3.0929407e+001
  4.6500000e-001 -2.7977143e+001
  4.6600000e-001 -3.2260061e+001
  4.6700000e-001 -3.1665424e+001
  4.6800000e-001 -2.0913563e+001
  4.6900000e-001 -1.8711703e+001
  4.7000000e-001 -3.3894410e+001
  4.7100000e-001 -5.6174086e+001
  4.7200000e-001 -7.4273940e+001
  4.7300000e-001 -7.1373253e+001
  4.7400000e-001 -4.8128462e+001
  4.7500000e-001 -2.9539887e+001
  4.7600000e-001 -2.5787490e+001
  4.7700000e-001 -3.0161604e+001
  4.7800000e-001 -3.6434957e+001
  4.7900000e-001 -3.9874483e+001
  4.8000000e-001 -3.5308108e+001
  4.8100000e-001 -2.2375480e+001
  4.8200000e-001 -1.0102203e+001
  4.8300000e-001 -4.2812272e+000
  4.8400000e-001  1.3671332e+000
  4.8500000e-001  8.7586256e+000
  4.8600000e-001  9.1330290e+000
  4.8700000e-001  3.1032660e+000
  4.8800000e-001  1.5887148e+000
  4.8900000e-001  5.2493777e+000
  4.9000000e-001  7.5719852e+000
  4.9100000e-001  7.7008373e+000
  4.9200000e-001  5.5708899e+000
  4.9300000e-001 -1.1631996e+000
  4.9400000e-001 -8.0315809e+000
  4.9500000e-001 -5.1126505e+000
  4.9600000e-001  8.1228512e+000
  4.9700000e-001  2.2616276e+001
  4.9800000e-001  3.7464295e+001
  4.9900000e-001  5.1654474e+001
  5.0000000e-001 -4.4835506e+000
  5.0100000e-001 -1.9641159e+002
  5.0200000e-001 -3.8722153e+002
  5.0300000e-001 -3.7689394e+002
  5.0400000e-001 -2.2719536e+002
  5.0500000e-001 -1.1079731e+002
  5.0600000e-001 -4.5817988e+001
  5.0700000e-001 -6.9122844e+000
  5.0800000e-001  1.9217563e+000
  5.0900000e-001  2.2577348e-001
  5.1000000e-001  5.8393353e+000
  5.1100000e-001  1.0426392e+001
  5.1200000e-001  1.2176657e+001
  5.1300000e-001  1.1714780e+001
  5.1400000e-001  7.3175919e+000
  5.1500000e-001  8.6391553e-002
  5.1600000e-001 -5.7462515e+000
  5.1700000e-001 -6.0231762e+000
  5.1800000e-001 -1.0991068e+000
  5.1900000e-001  1.6944857e+000
  5.2000000e-001 -7.7834224e-001
  5.2100000e-001 -2.1148065e+000
  5.2200000e-001  2.3217137e+000
  5.2300000e-001  8.2682372e+000
  5.2400000e-001  9.2723653e+000
  5.2500000e-001  4.3152500e+000
  5.2600000e-001 -3.2640200e+000
  5.2700000e-001 -1.0610350e+001
  5.2800000e-001 -1.4477151e+001
  5.2900000e-001 -1.2896733e+001
  5.3000000e-001 -9.6006590e+000
  5.3100000e-001 -9.3816784e+000
  5.3200000e-001 -1.3574089e+001
  5.3300000e-001 -2.1865192e+001
  5.3400000e-001 -2.9699132e+001
  5.3500000e-001 -3.0333920e+001
  5.3600000e-001 -2.5177352e+001
  5.3700000e-001 -2.0862648e+001
  5.3800000e-001 -1.8774704e+001
  5.3900000e-001 -1.5704844e+001
  5.4000000e-001 -1.1809574e+001
  5.4100000e-001 -1.4153211e+001
  5.4200000e-001 -2.2868977e+001
  5.4300000e-001 -2.4233701e+001
  5.4400000e-001 -1.4190546e+001
  5.4500000e-001 -9.9216558e+000
  5.4600000e-001 -2.1233727e+001
  5.4700000e-001 -3.5803400e+001
  5.4800000e-001 -4.0671247e+001
  5.4900000e-001 -3.5844892e+001
  5.5000000e-001 -2.6109685e+001
  5.5100000e-001 -1.5043280e+001
  5.5200000e-001 -6.1397456e+000
  5.5300000e-001 -2.8137416e+000
  5.5400000e-001 -3.8611490e+000
  5.5500000e-001 -4.7373564e+000
  5.5600000e-001 -3.9464261e+000
  5.5700000e-001 -2.8468817e+000
  5.5800000e-001 -4.9034577e-001
  5.5900000e-001  3.3842373e+000
  5.6000000e-001  3.0371933e+000
  5.6100000e-001 -6.2150052e+000
  5.6200000e-001 -1.9355662e+001
  5.6300000e-001 -2.8935551e+001
  5.6400000e-001 -3.2813798e+001
  5.6500000e-001 -3.0726930e+001
  5.6600000e-001 -2.3420196e+001
  5.6700000e-001 -1.4824179e+001
  5.6800000e-001 -9.2738318e+000
  5.6900000e-001 -7.8126071e+000
  5.7000000e-001 -7.2828169e+000
  5.7100000e-001 -5.7209152e+000
  5.7200000e-001 -4.6217833e+000
  5.7300000e-001 -3.2746694e+000
  5.7400000e-001  1.4884262e+000
  5.7500000e-001  8.7387348e+000
  5.7600000e-001  1.5044153e+001
  5.7700000e-001  1.9279686e+001
  5.7800000e-001  2.1112575e+001
  5.7900000e-001  1.9621727e+001
  5.8000000e-001  1.5487670e+001
  5.8100000e-001  9.1586116e+000
  5.8200000e-001  7.5734444e-001
  5.8300000e-001 -5.1367970e+000
  5.8400000e-001 -5.1408297e+000
  5.8500000e-001 -4.4831810e+000
  5.8600000e-001 -8.4964810e+000
  5.8700000e-001 -1.4003808e+001
  5.8800000e-001 -1.4368698e+001
  5.8900000e-001 -8.2196781e+000
  5.9000000e-001 -1.9670376e+000
  5.9100000e-001 -8.0925564e-001
  5.9200000e-001 -4.5677800e+000
  5.9300000e-001 -1.2807740e+001
  5.9400000e-001 -1.9828043e+001
  5.9500000e-001 -1.7372943e+001
  5.9600000e-001 -1.0618320e+001
  5.9700000e-001 -1.1001890e+001
  5.9800000e-001 -1.6407045e+001
  5.9900000e-001 -1.8784874e+001
  6.0000000e-001 -1.7116713e+001
  6.0100000e-001 -1.4554468e+001
  6.0200000e-001 -1.2205464e+001
  6.0300000e-001 -8.9292730e+000
  6.0400000e-001 -4.1034180e+000
  6.0500000e-001  1.0716242e-001
  6.0600000e-001  1.1785055e+000
  6.0700000e-001 -2.1930031e+000
  6.0800000e-001 -6.8168987e+000
  6.0900000e-001 -7.3370066e+000
  6.1000000e-001 -6.6125371e+000
  6.1100000e-001 -9.0761958e+000
  6.1200000e-001 -8.1348821e+000
  6.1300000e-001  1.2393808e+000
  6.1400000e-001  1.0731927e+001
  6.1500000e-001  1.1748878e+001
  6.1600000e-001  4.2588817e+000
  6.1700000e-001 -5.8106778e+000
  6.1800000e-001 -1.2671495e+001
  6.1900000e-001 -1.6114464e+001
  6.2000000e-001 -1.6363729e+001
  6.2100000e-001 -1.1432043e+001
  6.2200000e-001 -5.3027674e+000
  6.2300000e-001 -2.2018912e+000
  6.2400000e-001  8.3843760e-001
  6.2500000e-001  7.2675177e+000
  6.2600000e-001  1.8496796e+001
  6.2700000e-001  3.3940910e+001
  6.2800000e-001  4.5701100e+001
  6.2900000e-001  4.8641581e+001
  6.3000000e-001  4.8609758e+001
  6.3100000e-001  4.7262834e+001
  6.3200000e-001  3.7234783e+001
  6.3300000e-001  2.2197874e+001
  6.3400000e-001  1.3994761e+001
  6.3500000e-001  8.8337202e+000
  6.3600000e-001 -2.1171215e+000
  6.3700000e-001 -1.2251104e+001
  6.3800000e-001 -1.3581920e+001
  6.3900000e-001 -6.4808809e+000
  6.4000000e-001  7.1216350e+000
  6.4100000e-001  1.9304479e+001
  6.4200000e-001  2.0754072e+001
  6.4300000e-001  1.4327826e+001
  6.4400000e-001  7.1475017e+000
  6.4500000e-001  3.8866295e+000
  6.4600000e-001  9.5107839e+000
  6.4700000e-001  2.2702133e+001
  6.4800000e-001  3.1502704e+001
  6.4900000e-001  2.7760888e+001
  6.5000000e-001  1.8874859e+001
  6.5100000e-001  1.8491938e+001
  6.5200000e-001  2.3594016e+001
  6.5300000e-001  1.9482730e+001
  6.5400000e-001  6.4749755e+000
  6.5500000e-001 -3.4652282e+000
  6.5600000e-001 -8.6540771e+000
  6.5700000e-001 -1.2699012e+001
  6.5800000e-001 -1.5145263e+001
  6.5900000e-001 -1.5416101e+001
  6.6000000e-001 -1.6395528e+001
  6.6100000e-001 -2.0833733e+001
  6.6200000e-001 -2.6539363e+001
  6.6300000e-001 -2.6477862e+001
  6.6400000e-001 -1.9771944e+001
  6.6500000e-001 -1.2389717e+001
  6.6600000e-001 -7.5930175e+000
  6.6700000e-001 -3.8403271e+000
  6.6800000e-001 -1.9637100e+000
  6.6900000e-001 -3.6233699e+000
  6.7000000e-001 -4.3563383e+000
  6.7100000e-001  2.3974350e+000
  6.7200000e-001  1.4698498e+001
  6.7300000e-001  2.5299172e+001
  6.7400000e-001  3.0785065e+001
  6.7500000e-001  3.1549498e+001
  6.7600000e-001  2.8540446e+001
  6.7700000e-001  2.2447392e+001
  6.7800000e-001  1.4319296e+001
  6.7900000e-001  6.8016638e+000
  6.8000000e-001  1.7477053e+000
  6.8100000e-001 -4.4438466e+000
  6.8200000e-001 -1.5731684e+001
  6.8300000e-001 -2.8757940e+001
  6.8400000e-001 -3.5235482e+001
  6.8500000e-001 -3.1732761e+001
  6.8600000e-001 -2.2922909e+001
  6.8700000e-001 -1.6455961e+001
  6.8800000e-001 -1.6615256e+001
  6.8900000e-001 -2.0973085e+001
  6.9000000e-001 -2.0859142e+001
  6.9100000e-001 -1.4445638e+001
  6.9200000e-001 -9.4452541e+000
  6.9300000e-001 -7.1965147e+000
  6.9400000e-001 -4.3202754e+000
  6.9500000e-001 -4.6549179e+000
  6.9600000e-001 -8.1809662e+000
  6.9700000e-001 -7.0329114e+000
  6.9800000e-001 -1.1803409e+000
  6.9900000e-001  4.4663490e+000
  7.0000000e-001  1.0441163e+001
  7.0100000e-001  1.7057373e+001
  7.0200000e-001  2.0324622e+001
  7.0300000e-001  1.8035182e+001
  7.0400000e-001  1.2345302e+001
  7.0500000e-001  7.9128220e+000
  7.0600000e-001  6.7709731e+000
  7.0700000e-001  8.0610399e+000
  7.0800000e-001  1.2426190e+001
  7.0900000e-001  1.9842412e+001
  7.1000000e-001  2.5972891e+001
  7.1100000e-001  2.7673819e+001
  7.1200000e-001  2.5286835e+001
  7.1300000e-001  2.0061989e+001
  7.1400000e-001  1.3072364e+001
  7.1500000e-001  4.1445377e+000
  7.1600000e-001 -6.8627746e+000
  7.1700000e-001 -1.7688450e+001
  7.1800000e-001 -2.5476538e+001
  7.1900000e-001 -2.6837062e+001
  7.2000000e-001 -1.9266346e+001
  7.2100000e-001 -6.4354235e+000
  7.2200000e-001  3.5633175e+000
  7.2300000e-001  5.8110878e+000
  7.2400000e-001  3.1618127e-001
  7.2500000e-001 -8.4318986e+000
  7.2600000e-001 -1.4201601e+001
  7.2700000e-001 -1.4510923e+001
  7.2800000e-001 -9.9503972e+000
  7.2900000e-001 -2.0568821e+000
  7.3000000e-001  7.4785579e+000
  7.3100000e-001  1.7909001e+001
  7.3200000e-001  2.6570542e+001
  7.3300000e-001  2.8492654e+001
  7.3400000e-001  2.3292294e+001
  7.3500000e-001  1.5549045e+001
  7.3600000e-001  8.1944163e+000
  7.3700000e-001  3.4917261e+000
  7.3800000e-001  4.6655801e+000
  7.3900000e-001  1.0995654e+001
  7.4000000e-001  1.5591983e+001
  7.4100000e-001  1.2494292e+001
  7.4200000e-001  4.7034382e+000
  7.4300000e-001  4.6389001e-001
  7.4400000e-001  2.1625444e+000
  7.4500000e-001  5.1084999e+000
  7.4600000e-001  7.0680605e+000
  7.4700000e-001  9.7229021e+000
  7.4800000e-001  1.2558251e+001
  7.4900000e-001  1.2494446e+001
  7.5000000e-001  1.0013068e+001
  7.5100000e-001  8.2939409e+000
  7.5200000e-001  6.6228791e+000
  7.5300000e-001  2.6125347e+000
  7.5400000e-001 -6.0886013e-001
  7.5500000e-001 -4.1592543e-001
  7.5600000e-001  9.5582336e-002
  7.5700000e-001  1.7130162e-001
  7.5800000e-001  2.3106420e+000
  7.5900000e-001  4.3563511e+000
  7.6000000e-001  4.2775455e+000
  7.6100000e-001  4.2850282e+000
  7.6200000e-001  4.4218301e+000
  7.6300000e-001  1.8556166e+000
  7.6400000e-001 -3.0401405e+000
  7.6500000e-001 -7.0846669e+000
  7.6600000e-001 -8.9481956e+000
  7.6700000e-001 -1.1549358e+001
  7.6800000e-001 -1.5761192e+001
  7.6900000e-001 -1.7869551e+001
  7.7000000e-001 -1.7834463e+001
  7.7100000e-001 -2.0488910e+001
  7.7200000e-001 -2.4951469e+001
  7.7300000e-001 -2.7086972e+001
  7.7400000e-001 -2.6756609e+001
  7.7500000e-001 -2.3764931e+001
  7.7600000e-001 -1.7039455e+001
  7.7700000e-001 -1.1914993e+001
  7.7800000e-001 -1.3123719e+001
  7.7900000e-001 -1.7247013e+001
  7.8000000e-001 -2.0404009e+001
  7.8100000e-001 -2.2143221e+001
  7.8200000e-001 -2.1991086e+001
  7.8300000e-001 -2.1359650e+001
  7.8400000e-001 -2.1149961e+001
  7.8500000e-001 -1.9123679e+001
  7.8600000e-001 -1.4693334e+001
  7.8700000e-001 -1.0364798e+001
  7.8800000e-001 -7.5829906e+000
  7.8900000e-001 -5.8064411e+000
  7.9000000e-001 -4.0884570e+000
  7.9100000e-001 -1.8568997e+000
  7.9200000e-001  5.2992271e-001
  7.9300000e-001  8.0169590e-001
  7.9400000e-001 -2.6977499e+000
  7.9500000e-001 -7.9340376e+000
  7.9600000e-001 -1.1588629e+001
  7.9700000e-001 -1.2818946e+001
  7.9800000e-001 -1.2653353e+001
  7.9900000e-001 -1.2384169e+001
  8.0000000e-001 -1.2140986e+001
  8.0100000e-001 -1.0299664e+001
  8.0200000e-001 -3.7183177e+000
  8.0300000e-001  7.1207201e+000
  8.0400000e-001  1.4374404e+001
  8.0500000e-001  1.2588556e+001
  8.0600000e-001  5.3621497e+000
  8.0700000e-001 -3.2074413e+000
  8.0800000e-001 -1.0945785e+001
  8.0900000e-001 -1.4292556e+001
  8.1000000e-001 -1.2470085e+001
  8.1100000e-001 -1.0488287e+001
  8.1200000e-001 -1.3174122e+001
  8.1300000e-001 -1.9487762e+001
  8.1400000e-001 -2.3872725e+001
  8.1500000e-001 -2.1985062e+001
  8.1600000e-001 -1.2110813e+001
  8.1700000e-001  5.5257927e+000
  8.1800000e-001  2.5700491e+001
  8.1900000e-001  4.1474690e+001
  8.2000000e-001  5.0088296e+001
  8.2100000e-001  5.1115419e+001
  8.2200000e-001  4.6397158e+001
  8.2300000e-001  4.1649399e+001
  8.2400000e-001  3.8473589e+001
  8.2500000e-001  3.3388669e+001
  8.2600000e-001  2.6785337e+001
  8.2700000e-001  2.1868292e+001
  8.2800000e-001  1.8660622e+001
  8.2900000e-001  1.6440643e+001
  8.3000000e-001  1.8741610e+001
  8.3100000e-001  2.8660363e+001
  8.3200000e-001  4.0502420e+001
  8.3300000e-001  4.5898229e+001
  8.3400000e-001  4.6229337e+001
  8.3500000e-001  4.7055309e+001
  8.3600000e-001  4.7875742e+001
  8.3700000e-001  4.5624751e+001
  8.3800000e-001  3.9068612e+001
  8.3900000e-001  2.8127396e+001
  8.4000000e-001  1.5395200e+001
  8.4100000e-001  5.2699955e+000
  8.4200000e-001 -1.5377656e+000
  8.4300000e-001 -7.9096092e+000
  8.4400000e-001 -1.5243283e+001
  8.4500000e-001 -2.4319692e+001
  8.4600000e-001 -3.3487533e+001
  8.4700000e-001 -3.6438628e+001
  8.4800000e-001 -3.0928028e+001
  8.4900000e-001 -2.1891730e+001
  8.5000000e-001 -1.0692219e+001
  8.5100000e-001  4.1876530e+000
  8.5200000e-001  1.7330059e+001
  8.5300000e-001  1.9100781e+001
  8.5400000e-001  9.9522319e+000
  8.5500000e-001  2.2618634e-001
  8.5600000e-001 -5.5269379e+000
  8.5700000e-001 -1.2468498e+001
  8.5800000e-001 -1.8710827e+001
  8.5900000e-001 -1.5847528e+001
  8.6000000e-001 -6.3342643e+000
  8.6100000e-001  4.0703814e+000
  8.6200000e-001  1.6537564e+001
  8.6300000e-001  2.7974612e+001
  8.6400000e-001  2.7347627e+001
  8.6500000e-001  1.6345345e+001
  8.6600000e-001  9.0496470e+000
  8.6700000e-001  1.2742133e+001
  8.6800000e-001  1.7547039e+001
  8.6900000e-001  8.8336312e+000
  8.7000000e-001 -1.2051364e+001
  8.7100000e-001 -2.7087057e+001
  8.7200000e-001 -2.9450613e+001
  8.7300000e-001 -2.7343519e+001
  8.7400000e-001 -2.3343640e+001
  8.7500000e-001 -1.8065457e+001
  8.7600000e-001 -1.7568734e+001
  8.7700000e-001 -2.0955469e+001
  8.7800000e-001 -2.2367375e+001
  8.7900000e-001 -1.9905305e+001
  8.8000000e-001 -1.4398633e+001
  8.8100000e-001 -5.7161958e+000
  8.8200000e-001  2.7940104e+000
  8.8300000e-001  7.7231354e+000
  8.8400000e-001  1.0436217e+001
  8.8500000e-001  1.5286639e+001
  8.8600000e-001  1.8014650e+001
  8.8700000e-001  1.3890325e+001
  8.8800000e-001  9.9645748e+000
  8.8900000e-001  1.4836133e+001
  8.9000000e-001  2.0877164e+001
  8.9100000e-001  1.5433040e+001
  8.9200000e-001 -1.1154241e+000
  8.9300000e-001 -1.6409722e+001
  8.9400000e-001 -2.0351046e+001
  8.9500000e-001 -1.2775338e+001
  8.9600000e-001 -4.2716850e+000
  8.9700000e-001 -3.7705166e+000
  8.9800000e-001 -4.9063148e+000
  8.9900000e-001  2.2125952e+000
  9.0000000e-001  1.3102074e+001
  9.0100000e-001  1.7092294e+001
  9.0200000e-001  1.1251793e+001
  9.0300000e-001 -3.5738651e-001
  9.0400000e-001 -9.5282246e+000
  9.0500000e-001 -1.0181892e+001
  9.0600000e-001 -4.1520083e+000
  9.0700000e-001  2.9633670e+000
  9.0800000e-001  8.6742879e+000
  9.0900000e-001  1.1687502e+001
  9.1000000e-001  1.0398100e+001
  9.1100000e-001  7.1235888e+000
  9.1200000e-001  7.4017306e+000
  9.1300000e-001  7.6778358e+000
  9.1400000e-001  2.5548678e+000
  9.1500000e-001  6.3294032e-002
  9.1600000e-001  8.6193157e+000
  9.1700000e-001  2.0162481e+001
  9.1800000e-001  2.3353939e+001
  9.1900000e-001  1.4611178e+001
  9.2000000e-001  9.0287561e-002
  9.2100000e-001 -6.6658940e+000
  9.2200000e-001 -8.8114152e-002
  9.2300000e-001  1.2125990e+001
  9.2400000e-001  2.2669446e+001
  9.2500000e-001  2.6791657e+001
  9.2600000e-001  2.0129953e+001
  9.2700000e-001  5.8093446e+000
  9.2800000e-001 -8.1002465e+000
  9.2900000e-001 -1.6485317e+001
  9.3000000e-001 -1.8336261e+001
  9.3100000e-001 -1.6202000e+001
  9.3200000e-001 -1.3189185e+001
  9.3300000e-001 -7.5815125e+000
  9.3400000e-001  3.3005172e+000
  9.3500000e-001  1.4958565e+001
  9.3600000e-001  1.8340688e+001
  9.3700000e-001  1.1227896e+001
  9.3800000e-001  1.9345672e+000
  9.3900000e-001  9.2165865e-001
  9.4000000e-001  8.0122381e+000
  9.4100000e-001  1.3037869e+001
  9.4200000e-001  1.1206788e+001
  9.4300000e-001  9.0517757e+000
  9.4400000e-001  1.1904130e+001
  9.4500000e-001  1.6099702e+001
  9.4600000e-001  1.5823942e+001
  9.4700000e-001  1.2070131e+001
  9.4800000e-001  9.5781455e+000
  9.4900000e-001  1.0415767e+001
  9.5000000e-001  1.4682932e+001
  9.5100000e-001  2.2558864e+001
  9.5200000e-001  3.0628874e+001
  9.5300000e-001  3.4705737e+001
  9.5400000e-001  3.5285210e+001
  9.5500000e-001  3.2799400e+001
  9.5600000e-001  2.2505277e+001
  9.5700000e-001  6.0790048e+000
  9.5800000e-001 -3.9814095e+000
  9.5900000e-001 -3.5241473e+000
  9.6000000e-001 -2.3744597e+000
  9.6100000e-001 -1.5288299e+000
  9.6200000e-001  6.7837795e+000
  9.6300000e-001  1.7873595e+001
  9.6400000e-001  2.1823076e+001
  9.6500000e-001  2.0582582e+001
  9.6600000e-001  1.7845181e+001
  9.6700000e-001  1.0112043e+001
  9.6800000e-001 -2.8976605e+000
  9.6900000e-001 -1.2552390e+001
  9.7000000e-001 -8.8493208e+000
  9.7100000e-001  7.3069430e+000
  9.7200000e-001  2.0567971e+001
  9.7300000e-001  1.8242313e+001
  9.7400000e-001  5.3686217e+000
  9.7500000e-001 -6.3096457e+000
  9.7600000e-001 -1.4327559e+001
  9.7700000e-001 -2.2884493e+001
  9.7800000e-001 -2.8899109e+001
  9.7900000e-001 -2.3794012e+001
  9.8000000e-001 -8.3652403e+000
  9.8100000e-001  9.0928443e+000
  9.8200000e-001  2.3559355e+001
  9.8300000e-001  3.0075065e+001
  9.8400000e-001  2.7671714e+001
  9.8500000e-001  2.5430172e+001
  9.8600000e-001  2.6329187e+001
  9.8700000e-001  2.1597036e+001
  9.8800000e-001  1.1315269e+001
  9.8900000e-001  7.1706407e+000
  9.9000000e-001  1.1501722e+001
  9.9100000e-001  1.4199371e+001
  9.9200000e-001  1.0646866e+001
  9.9300000e-001  8.1174711e+000
  9.9400000e-001  1.0857294e+001
  9.9500000e-001  1.1903230e+001
  9.9600000e-001  7.2031118e+000
  9.9700000e-001  3.9625680e+000
  9.9800000e-001  6.5508330e+000
  9.9900000e-001  9.2308607e+000
  1.0000000e+000  8.6615071e+000
  1.0010000e+000  7.3079587e+000
  1.0020000e+000  5.1360882e+000
  1.0030000e+000  1.6877320e+000
  1.0040000e+000  9.7987679e-001
  1.0050000e+000  2.1332709e+000
  1.0060000e+000 -2.1086450e+000
  1.0070000e+000 -9.2265453e+000
  1.0080000e+000 -1.0021567e+001
  1.0090000e+000 -8.4555047e+000
  1.0100000e+000 -1.3325515e+001
  1.0110000e+000 -1.8092617e+001
  1.0120000e+000 -1.4625984e+001
  1.0130000e+000 -9.0710227e+000
  1.0140000e+000 -7.8361734e+000
  1.0150000e+000 -5.8782124e+000
  1.0160000e+000  2.0355718e-001
  1.0170000e+000  5.9545454e+000
  1.0180000e+000  9.3686344e+000
  1.0190000e+000  1.2827531e+001
  1.0200000e+000  1.4428404e+001
  1.0210000e+000  1.2767945e+001
  1.0220000e+000  1.1747144e+001
  1.0230000e+000  1.0301723e+001
  1.0240000e+000  3.8262927e+000
  1.0250000e+000 -2.5076629e+000
  1.0260000e+000 -2.3933105e+000
  1.0270000e+000  1.6343056e+000
  1.0280000e+000  7.8684169e+000
  1.0290000e+000  1.7775724e+001
  1.0300000e+000  2.6339065e+001
  1.0310000e+000  2.8492485e+001
  1.0320000e+000  2.8753684e+001
  1.0330000e+000  2.9112796e+001
  1.0340000e+000  2.1956715e+001
  1.0350000e+000  6.5493644e+000
  1.0360000e+000 -8.4594992e+000
  1.0370000e+000 -2.0717836e+001
  1.0380000e+000 -2.8368310e+001
  1.0390000e+000 -2.4819416e+001
  1.0400000e+000 -1.4980836e+001
  1.0410000e+000 -1.0781506e+001
  1.0420000e+000 -1.1641752e+001
  1.0430000e+000 -1.0526755e+001
  1.0440000e+000 -7.5295640e+000
  1.0450000e+000 -3.9913241e+000
  1.0460000e+000  3.3633124e+000
  1.0470000e+000  1.4101950e+001
  1.0480000e+000  2.0518478e+001
  1.0490000e+000  1.5806291e+001
  1.0500000e+000  2.9103679e+000
  1.0510000e+000 -5.6461006e+000
  1.0520000e+000 -2.9600239e+000
  1.0530000e+000  4.1249718e+000
  1.0540000e+000  1.0346142e+001
  1.0550000e+000  1.8289134e+001
  1.0560000e+000  2.5498949e+001
  1.0570000e+000  2.6019328e+001
  1.0580000e+000  2.2016348e+001
  1.0590000e+000  1.6454143e+001
  1.0600000e+000  8.1215418e+000
  1.0610000e+000 -1.6499070e+000
  1.0620000e+000 -7.1184870e+000
  1.0630000e+000 -7.0027831e+000
  1.0640000e+000 -7.7312002e+000
  1.0650000e+000 -1.2110529e+001
  1.0660000e+000 -1.2984655e+001
  1.0670000e+000 -5.7487290e+000
  1.0680000e+000  4.4079498e+000
  1.0690000e+000  1.0416856e+001
  1.0700000e+000  8.4210116e+000
  1.0710000e+000  3.1451495e+000
  1.0720000e+000  3.5848417e+000
  1.0730000e+000  1.0129820e+001
  1.0740000e+000  1.5231905e+001
  1.0750000e+000  1.5386630e+001
  1.0760000e+000  9.5726478e+000
  1.0770000e+000  3.2718005e-001
  1.0780000e+000 -4.6286902e+000
  1.0790000e+000 -5.3868170e-001
  1.0800000e+000  8.4247329e+000
  1.0810000e+000  1.5164534e+001
  1.0820000e+000  1.7223305e+001
  1.0830000e+000  2.1566567e+001
  1.0840000e+000  3.2747175e+001
  1.0850000e+000  4.0396130e+001
  1.0860000e+000  3.2332508e+001
  1.0870000e+000  1.2543877e+001
  1.0880000e+000 -3.5876443e+000
  1.0890000e+000 -7.4493300e+000
  1.0900000e+000 -2.9756044e+000
  1.0910000e+000  4.6878590e+000
  1.0920000e+000  1.4742615e+001
  1.0930000e+000  2.2948911e+001
  1.0940000e+000  2.4413694e+001
  1.0950000e+000  1.9224198e+001
  1.0960000e+000  1.1713322e+001
  1.0970000e+000  7.0153025e+000
  1.0980000e+000  6.2119235e+000
  1.0990000e+000  6.2147517e+000
  1.1000000e+000  4.8651954e+000
  1.1010000e+000  3.5762949e+000
  1.1020000e+000  3.8557841e+000
  1.1030000e+000  2.8607310e+000
  1.1040000e+000 -3.2778824e+000
  1.1050000e+000 -8.0957101e+000
  1.1060000e+000 -2.3526053e+000
  1.1070000e+000  8.5633018e+000
  1.1080000e+000  1.5052376e+001
  1.1090000e+000  2.0786922e+001
  1.1100000e+000  2.7838397e+001
  1.1110000e+000  2.6856291e+001
  1.1120000e+000  1.5684304e+001
  1.1130000e+000  1.7002586e+000
  1.1140000e+000 -1.0769510e+001
  1.1150000e+000 -1.9028890e+001
  1.1160000e+000 -2.1097976e+001
  1.1170000e+000 -2.0595574e+001
  1.1180000e+000 -2.1154587e+001
  1.1190000e+000 -2.1703338e+001
  1.1200000e+000 -2.0517053e+001
  1.1210000e+000 -1.6746629e+001
  1.1220000e+000 -9.0415269e+000
  1.1230000e+000  1.9311461e+000
  1.1240000e+000  1.0562903e+001
  1.1250000e+000  1.1459722e+001
  1.1260000e+000  6.1403848e+000
  1.1270000e+000  2.8412004e+000
  1.1280000e+000  5.8526367e+000
  1.1290000e+000  1.1962298e+001
  1.1300000e+000  1.8146758e+001
  1.1310000e+000  2.1867026e+001
  1.1320000e+000  2.0858373e+001
  1.1330000e+000  1.8999112e+001
  1.1340000e+000  1.9550436e+001
  1.1350000e+000  1.7856232e+001
  1.1360000e+000  1.3131870e+001
  1.1370000e+000  1.4095833e+001
  1.1380000e+000  1.9846634e+001
  1.1390000e+000  2.4257576e+001
  1.1400000e+000  2.9062217e+001
  1.1410000e+000  3.2633158e+001
  1.1420000e+000  2.8879473e+001
  1.1430000e+000  2.0879587e+001
  1.1440000e+000  1.0742336e+001
  1.1450000e+000 -1.9349192e+000
  1.1460000e+000 -1.1288286e+001
  1.1470000e+000 -1.6274731e+001
  1.1480000e+000 -2.0843567e+001
  1.1490000e+000 -2.0186857e+001
  1.1500000e+000 -1.1308598e+001
  1.1510000e+000 -3.0351196e+000
  1.1520000e+000  5.5906635e-002
  1.1530000e+000  2.5781990e+000
  1.1540000e+000  5.4981058e+000
  1.1550000e+000  5.2481035e+000
  1.1560000e+000  2.4832619e+000
  1.1570000e+000  8.7829821e-001
  1.1580000e+000  1.4721493e+000
  1.1590000e+000  3.1814645e+000
  1.1600000e+000  5.6834800e+000
  1.1610000e+000  1.0261421e+001
  1.1620000e+000  1.5717420e+001
  1.1630000e+000  1.8271323e+001
  1.1640000e+000  1.7872758e+001
  1.1650000e+000  1.8287016e+001
  1.1660000e+000  1.9078878e+001
  1.1670000e+000  1.6717856e+001
  1.1680000e+000  1.1453341e+001
  1.1690000e+000  5.6386187e+000
  1.1700000e+000  4.6431795e+000
  1.1710000e+000  1.4228791e+001
  1.1720000e+000  3.1471218e+001
  1.1730000e+000  4.3914859e+001
  1.1740000e+000  4.3641081e+001
  1.1750000e+000  3.1565972e+001
  1.1760000e+000  1.2956282e+001
  1.1770000e+000 -1.3911215e+000
  1.1780000e+000 -4.5915211e+000
  1.1790000e+000 -3.9543319e+000
  1.1800000e+000 -6.5841433e+000
  1.1810000e+000 -9.7932494e+000
  1.1820000e+000 -9.7873459e+000
  1.1830000e+000 -5.9145303e+000
  1.1840000e+000 -2.0456247e+000
  1.1850000e+000 -3.0824489e+000
  1.1860000e+000 -5.7343065e+000
  1.1870000e+000 -6.2866958e+000
  1.1880000e+000 -5.7142119e+000
  1.1890000e+000 -2.9113862e+000
  1.1900000e+000  3.1103667e+000
  1.1910000e+000  7.2076579e+000
  1.1920000e+000  7.1311303e+000
  1.1930000e+000  6.5238476e+000
  1.1940000e+000  7.5174127e+000
  1.1950000e+000  7.8300959e+000
  1.1960000e+000  5.9143411e+000
  1.1970000e+000  4.4066406e+000
  1.1980000e+000  6.8844522e+000
  1.1990000e+000  1.2359961e+001
  1.2000000e+000  1.8303954e+001
  1.2010000e+000  2.5045237e+001
  1.2020000e+000  3.1805286e+001
  1.2030000e+000  3.6286498e+001
  1.2040000e+000  3.7862006e+001
  1.2050000e+000  3.6666752e+001
  1.2060000e+000  3.2527511e+001
  1.2070000e+000  2.8866621e+001
  1.2080000e+000  2.7764519e+001
  1.2090000e+000  2.4670528e+001
  1.2100000e+000  1.6446935e+001
  1.2110000e+000  8.6474556e+000
  1.2120000e+000  5.2981278e+000
  1.2130000e+000  5.4254679e+000
  1.2140000e+000  8.8828468e+000
  1.2150000e+000  1.4733704e+001
  1.2160000e+000  1.7867673e+001
  1.2170000e+000  1.6036538e+001
  1.2180000e+000  1.1644626e+001
  1.2190000e+000  8.2342322e+000
  1.2200000e+000  7.1184308e+000
  1.2210000e+000  6.2060819e+000
  1.2220000e+000  3.8459213e+000
  1.2230000e+000  2.9327688e+000
  1.2240000e+000  5.9160295e+000
  1.2250000e+000  1.0824485e+001
  1.2260000e+000  1.7494105e+001
  1.2270000e+000  2.4154668e+001
  1.2280000e+000  2.3821177e+001
  1.2290000e+000  1.7779330e+001
  1.2300000e+000  1.4357817e+001
  1.2310000e+000  1.2993479e+001
  1.2320000e+000  8.9088476e+000
  1.2330000e+000  3.9691897e+000
  1.2340000e+000  6.5819460e-001
  1.2350000e+000  1.6004507e-001
  1.2360000e+000  4.5819387e+000
  1.2370000e+000  1.3434426e+001
  1.2380000e+000  2.1181281e+001
  1.2390000e+000  2.4931417e+001
  1.2400000e+000  2.7072116e+001
  1.2410000e+000  2.9882397e+001
  1.2420000e+000  2.9841508e+001
  1.2430000e+000  1.9755755e+001
  1.2440000e+000  2.1160474e+000
  1.2450000e+000 -1.0754888e+001
  1.2460000e+000 -1.5291720e+001
  1.2470000e+000 -1.4706029e+001
  1.2480000e+000 -8.1362581e+000
  1.2490000e+000  7.3939851e-001
  1.2500000e+000  6.0065170e+000
  1.2510000e+000  1.0491118e+001
  1.2520000e+000  1.5745899e+001
  1.2530000e+000  1.6981314e+001
  1.2540000e+000  1.4830174e+001
  1.2550000e+000  1.3952252e+001
  1.2560000e+000  1.3486429e+001
  1.2570000e+000  1.1954904e+001
  1.2580000e+000  9.0762776e+000
  1.2590000e+000  2.7022269e+000
  1.2600000e+000 -4.2917031e+000
  1.2610000e+000 -5.3699723e+000
  1.2620000e+000 -1.2743107e+000
  1.2630000e+000  6.2646279e+000
  1.2640000e+000  1.7188509e+001
  1.2650000e+000  2.3772531e+001
  1.2660000e+000  1.9788238e+001
  1.2670000e+000  9.2874653e+000
  1.2680000e+000 -2.5359149e+000
  1.2690000e+000 -1.1145431e+001
  1.2700000e+000 -1.2603852e+001
  1.2710000e+000 -1.0176418e+001
  1.2720000e+000 -9.7665465e+000
  1.2730000e+000 -1.1377332e+001
  1.2740000e+000 -1.1807792e+001
  1.2750000e+000 -8.8827325e+000
  1.2760000e+000 -1.8247041e+000
  1.2770000e+000  9.0822824e+000
  1.2780000e+000  1.8762558e+001
  1.2790000e+000  1.9903539e+001
  1.2800000e+000  1.4712258e+001
  1.2810000e+000  1.0444978e+001
  1.2820000e+000  5.2084224e+000
  1.2830000e+000 -2.4509094e+000
  1.2840000e+000 -5.3143939e+000
  1.2850000e+000 -3.9588574e-001
  1.2860000e+000  5.9066667e+000
  1.2870000e+000  6.7659112e+000
  1.2880000e+000  2.3073180e+000
  1.2890000e+000 -5.2093701e-001
  1.2900000e+000  2.3406705e+000
  1.2910000e+000  5.8491401e+000
  1.2920000e+000  4.4305394e+000
  1.2930000e+000 -1.2972264e+000
  1.2940000e+000 -6.6190926e+000
  1.2950000e+000 -9.8267639e+000
  1.2960000e+000 -1.3517475e+001
  1.2970000e+000 -1.8219401e+001
  1.2980000e+000 -1.9464664e+001
  1.2990000e+000 -1.4639778e+001
  1.3000000e+000 -6.9598757e+000
  1.3010000e+000 -1.7547798e-001
  1.3020000e+000  5.7536846e+000
  1.3030000e+000  1.0291434e+001
  1.3040000e+000  1.0493845e+001
  1.3050000e+000  6.0731644e+000
  1.3060000e+000  3.2869851e+000
  1.3070000e+000  9.6743193e+000
  1.3080000e+000  2.1462112e+001
  1.3090000e+000  2.7987464e+001
  1.3100000e+000  2.5891489e+001
  1.3110000e+000  2.0637213e+001
  1.3120000e+000  2.1242671e+001
  1.3130000e+000  3.1492632e+001
  1.3140000e+000  4.1619583e+001
  1.3150000e+000  4.3836361e+001
  1.3160000e+000  4.0587287e+001
  1.3170000e+000  3.3633552e+001
  1.3180000e+000  2.4569230e+001
  1.3190000e+000  1.7810830e+001
  1.3200000e+000  1.2503813e+001
  1.3210000e+000  9.2607230e+000
  1.3220000e+000  1.5569834e+001
  1.3230000e+000  3.1923148e+001
  1.3240000e+000  4.8431371e+001
  1.3250000e+000  5.6064615e+001
  1.3260000e+000  5.3661395e+001
  1.3270000e+000  4.8140506e+001
  1.3280000e+000  4.4211297e+001
  1.3290000e+000  3.6343005e+001
  1.3300000e+000  2.2259378e+001
  1.3310000e+000  1.1184709e+001
  1.3320000e+000  1.1203102e+001
  1.3330000e+000  1.7761512e+001
  1.3340000e+000  1.8839661e+001
  1.3350000e+000  1.2584382e+001
  1.3360000e+000  1.1807592e+001
  1.3370000e+000  2.3877697e+001
  1.3380000e+000  4.0562461e+001
  1.3390000e+000  4.9154495e+001
  1.3400000e+000  4.8094482e+001
  1.3410000e+000  4.5533183e+001
  1.3420000e+000  3.8541479e+001
  1.3430000e+000  1.8634466e+001
  1.3440000e+000 -2.2247134e-001
  1.3450000e+000 -7.1501108e-001
  1.3460000e+000  8.7072630e+000
  1.3470000e+000  1.2852130e+001
  1.3480000e+000  8.4230027e+000
  1.3490000e+000 -6.6250758e-001
  1.3500000e+000 -2.5438443e+000
  1.3510000e+000  1.0445512e+001
  1.3520000e+000  2.9816921e+001
  1.3530000e+000  4.1073105e+001
  1.3540000e+000  4.1770411e+001
  1.3550000e+000  4.1520195e+001
  1.3560000e+000  4.8646926e+001
  1.3570000e+000  5.9141924e+001
  1.3580000e+000  6.2111295e+001
  1.3590000e+000  5.6745001e+001
  1.3600000e+000  5.4083555e+001
  1.3610000e+000  5.7584384e+001
  1.3620000e+000  5.4471711e+001
  1.3630000e+000  3.9707619e+001
  1.3640000e+000  2.5805382e+001
  1.3650000e+000  2.1848815e+001
  1.3660000e+000  2.8113632e+001
  1.3670000e+000  4.1958126e+001
  1.3680000e+000  5.3227156e+001
  1.3690000e+000  5.3937092e+001
  1.3700000e+000  4.8759881e+001
  1.3710000e+000  4.2940751e+001
  1.3720000e+000  3.7082818e+001
  1.3730000e+000  3.7142784e+001
  1.3740000e+000  5.0066594e+001
  1.3750000e+000  6.4672988e+001
  1.3760000e+000  6.2304672e+001
  1.3770000e+000  4.6058685e+001
  1.3780000e+000  3.5933103e+001
  1.3790000e+000  3.8077004e+001
  1.3800000e+000  4.2560396e+001
  1.3810000e+000  4.0570255e+001
  1.3820000e+000  2.8860692e+001
  1.3830000e+000  7.9381820e+000
  1.3840000e+000 -1.4555106e+001
  1.3850000e+000 -2.4803637e+001
  1.3860000e+000 -1.6556899e+001
  1.3870000e+000  4.3607323e-001
  1.3880000e+000  1.7173072e+001
  1.3890000e+000  3.3034104e+001
  1.3900000e+000  4.2924308e+001
  1.3910000e+000  4.1735660e+001
  1.3920000e+000  3.7012852e+001
  1.3930000e+000  3.6040790e+001
  1.3940000e+000  3.6861542e+001
  1.3950000e+000  3.4260948e+001
  1.3960000e+000  2.8212368e+001
  1.3970000e+000  2.4283210e+001
  1.3980000e+000  2.1661167e+001
  1.3990000e+000  1.8792438e+001
  1.4000000e+000  2.0720608e+001
  1.4010000e+000  2.6537675e+001
  1.4020000e+000  2.9375209e+001
  1.4030000e+000  3.0955843e+001
  1.4040000e+000  3.6988504e+001
  1.4050000e+000  4.3885383e+001
  1.4060000e+000  4.3864172e+001
  1.4070000e+000  3.6003568e+001
  1.4080000e+000  2.7552202e+001
  1.4090000e+000  2.7226706e+001
  1.4100000e+000  3.4163587e+001
  1.4110000e+000  3.5133288e+001
  1.4120000e+000  2.6672426e+001
  1.4130000e+000  2.3156213e+001
  1.4140000e+000  2.8001918e+001
  1.4150000e+000  3.0047536e+001
  1.4160000e+000  3.1387140e+001
  1.4170000e+000  4.0384868e+001
  1.4180000e+000  4.8377395e+001
  1.4190000e+000  4.7387035e+001
  1.4200000e+000  4.4255946e+001
  1.4210000e+000  4.3490706e+001
  1.4220000e+000  4.4529259e+001
  1.4230000e+000  4.8612985e+001
  1.4240000e+000  5.4733984e+001
  1.4250000e+000  6.2746059e+001
  1.4260000e+000  7.2749312e+001
  1.4270000e+000  7.8942597e+001
  1.4280000e+000  8.0141714e+001
  1.4290000e+000  7.9991215e+001
  1.4300000e+000  7.6964048e+001
  1.4310000e+000  7.3299891e+001
  1.4320000e+000  7.5714517e+001
  1.4330000e+000  8.1625530e+001
  1.4340000e+000  8.4039663e+001
  1.4350000e+000  8.4255464e+001
  1.4360000e+000  8.3641239e+001
  1.4370000e+000  8.1717367e+001
  1.4380000e+000  8.2117941e+001
  1.4390000e+000  8.3877219e+001
  1.4400000e+000  8.4264563e+001
  1.4410000e+000  8.5799843e+001
  1.4420000e+000  8.9627414e+001
  1.4430000e+000  9.5310650e+001
  1.4440000e+000  9.9877898e+001
  1.4450000e+000  9.6904191e+001
  1.4460000e+000  8.6983942e+001
  1.4470000e+000  7.6966091e+001
  1.4480000e+000  7.1466257e+001
  1.4490000e+000  7.3676705e+001
  1.4500000e+000  8.1905824e+001
  1.4510000e+000  9.1589382e+001
  1.4520000e+000  1.0177356e+002
  1.4530000e+000  1.1484910e+002
  1.4540000e+000  1.3281589e+002
  1.4550000e+000  1.5034149e+002
  1.4560000e+000  1.5915661e+002
  1.4570000e+000  1.6011196e+002
  1.4580000e+000  1.5498755e+002
  1.4590000e+000  1.4474594e+002
  1.4600000e+000  1.3545187e+002
  1.4610000e+000  1.3129951e+002
  1.4620000e+000  1.3484404e+002
  1.4630000e+000  1.4519481e+002
  1.4640000e+000  1.5378884e+002
  1.4650000e+000  1.5452065e+002
  1.4660000e+000  1.5031466e+002
  1.4670000e+000  1.4774307e+002
  1.4680000e+000  1.4840605e+002
  1.4690000e+000  1.5189902e+002
  1.4700000e+000  1.6030380e+002
  1.4710000e+000  1.6941464e+002
  1.4720000e+000  1.7170784e+002
  1.4730000e+000  1.7263623e+002
  1.4740000e+000  1.7606180e+002
  1.4750000e+000  1.7504321e+002
  1.4760000e+000  1.7181319e+002
  1.4770000e+000  1.7398204e+002
  1.4780000e+000  1.8101717e+002
  1.4790000e+000  1.9290760e+002
  1.4800000e+000  2.0526372e+002
  1.4810000e+000  2.0965767e+002
  1.4820000e+000  2.1178847e+002
  1.4830000e+000  2.1624405e+002
  1.4840000e+000  2.1718964e+002
  1.4850000e+000  2.1684436e+002
  1.4860000e+000  2.1816013e+002
  1.4870000e+000  2.2023187e+002
  1.4880000e+000  2.2553730e+002
  1.4890000e+000  2.3137621e+002
  1.4900000e+000  2.3266908e+002
  1.4910000e+000  2.3212663e+002
  1.4920000e+000  2.3011138e+002
  1.4930000e+000  2.2542240e+002
  1.4940000e+000  2.2516235e+002
  1.4950000e+000  2.2865786e+002
  1.4960000e+000  2.2380585e+002
  1.4970000e+000  2.0860238e+002
  1.4980000e+000  1.9585926e+002
  1.4990000e+000  1.9249645e+002
  1.5000000e+000  1.8873879e+002
  1.5010000e+000  1.8144252e+002
  1.5020000e+000  1.7522765e+002
  1.5030000e+000  1.6508730e+002
  1.5040000e+000  1.5150672e+002
  1.5050000e+000  1.4525586e+002
  1.5060000e+000  1.4561403e+002
  1.5070000e+000  1.4119744e+002
  1.5080000e+000  1.2829538e+002
  1.5090000e+000  1.1420528e+002
  1.5100000e+000  1.0933378e+002
  1.5110000e+000  1.1457707e+002
  1.5120000e+000  1.2002803e+002
  1.5130000e+000  1.2304653e+002
  1.5140000e+000  1.2839333e+002
  1.5150000e+000  1.2734781e+002
  1.5160000e+000  1.1465988e+002
  1.5170000e+000  1.0638079e+002
  1.5180000e+000  1.1004588e+002
  1.5190000e+000  1.1636343e+002
  1.5200000e+000  1.2143847e+002
  1.5210000e+000  1.2028218e+002
  1.5220000e+000  1.0269147e+002
  1.5230000e+000  7.1315260e+001
  1.5240000e+000  4.9215156e+001
  1.5250000e+000  5.3490231e+001
  1.5260000e+000  7.2432536e+001
  1.5270000e+000  8.6339296e+001
  1.5280000e+000  8.3757426e+001
  1.5290000e+000  6.4361623e+001
  1.5300000e+000  4.6105624e+001
  1.5310000e+000  4.7169448e+001
  1.5320000e+000  6.3822769e+001
  1.5330000e+000  7.4084507e+001
  1.5340000e+000  6.9271907e+001
  1.5350000e+000  6.5309520e+001
  1.5360000e+000  7.0063570e+001
  1.5370000e+000  7.1888718e+001
  1.5380000e+000  6.2523838e+001
  1.5390000e+000  4.5545661e+001
  1.5400000e+000  3.2118689e+001
  1.5410000e+000  3.2007510e+001
  1.5420000e+000  3.7265349e+001
  1.5430000e+000  3.8441228e+001
  1.5440000e+000  3.5024422e+001
  1.5450000e+000  2.9561648e+001
  1.5460000e+000  3.0449891e+001
  1.5470000e+000  3.6897105e+001
  1.5480000e+000  4.0633493e+001
  1.5490000e+000  4.3964274e+001
  1.5500000e+000  4.7035114e+001
  1.5510000e+000  4.5878703e+001
  1.5520000e+000  4.8293660e+001
  1.5530000e+000  5.7562722e+001
  1.5540000e+000  6.4594954e+001
  1.5550000e+000  5.5998110e+001
  1.5560000e+000  3.2499475e+001
  1.5570000e+000  1.3963981e+001
  1.5580000e+000  9.3670333e+000
  1.5590000e+000  8.9421494e+000
  1.5600000e+000  1.2632355e+001
  1.5610000e+000  2.3909708e+001
  1.5620000e+000  3.3719636e+001
  1.5630000e+000  3.6778682e+001
  1.5640000e+000  3.8780281e+001
  1.5650000e+000  4.5339710e+001
  1.5660000e+000  5.2527419e+001
  1.5670000e+000  5.5039586e+001
  1.5680000e+000  5.6329615e+001
  1.5690000e+000  5.8011356e+001
  1.5700000e+000  5.4381467e+001
  1.5710000e+000  4.8764336e+001
  1.5720000e+000  4.6644306e+001
  1.5730000e+000  3.8416341e+001
  1.5740000e+000  2.0131032e+001
  1.5750000e+000  5.0869758e+000
  1.5760000e+000  2.2947974e+000
  1.5770000e+000  4.6780501e+000
  1.5780000e+000  7.9408318e+000
  1.5790000e+000  1.4656953e+001
  1.5800000e+000  1.8698156e+001
  1.5810000e+000  1.7428350e+001
  1.5820000e+000  2.2645368e+001
  1.5830000e+000  3.3180960e+001
  1.5840000e+000  3.8926638e+001
  1.5850000e+000  3.8611351e+001
  1.5860000e+000  3.4957401e+001
  1.5870000e+000  3.1202279e+001
  1.5880000e+000  2.5811479e+001
  1.5890000e+000  2.0347672e+001
  1.5900000e+000  2.2302223e+001
  1.5910000e+000  2.7689250e+001
  1.5920000e+000  3.0748691e+001
  1.5930000e+000  3.0304985e+001
  1.5940000e+000  2.4883294e+001
  1.5950000e+000  1.8930632e+001
  1.5960000e+000  1.8639845e+001
  1.5970000e+000  2.4416926e+001
  1.5980000e+000  3.3775731e+001
  1.5990000e+000  4.1741864e+001
  1.6000000e+000  4.3115822e+001
  1.6010000e+000  3.7001730e+001
  1.6020000e+000  2.9413229e+001
  1.6030000e+000  2.4467825e+001
  1.6040000e+000  1.9684191e+001
  1.6050000e+000  1.6251951e+001
  1.6060000e+000  1.9022200e+001
  1.6070000e+000  2.5147426e+001
  1.6080000e+000  2.8707366e+001
  1.6090000e+000  3.0973787e+001
  1.6100000e+000  3.2639053e+001
  1.6110000e+000  3.2891854e+001
  1.6120000e+000  3.4530209e+001
  1.6130000e+000  3.5953398e+001
  1.6140000e+000  3.3710459e+001
  1.6150000e+000  2.8446186e+001
  1.6160000e+000  2.0732103e+001
  1.6170000e+000  1.6996268e+001
  1.6180000e+000  2.4412620e+001
  1.6190000e+000  3.3961657e+001
  1.6200000e+000  3.4354006e+001
  1.6210000e+000  2.8008430e+001
  1.6220000e+000  1.8236219e+001
  1.6230000e+000  7.5320559e+000
  1.6240000e+000  2.0593822e+000
  1.6250000e+000  1.6372844e+000
  1.6260000e+000  3.9021343e+000
  1.6270000e+000  6.5662036e+000
  1.6280000e+000  6.5874820e+000
  1.6290000e+000  7.5661198e+000
  1.6300000e+000  1.4847761e+001
  1.6310000e+000  2.7666293e+001
  1.6320000e+000  3.8743569e+001
  1.6330000e+000  4.2362396e+001
  1.6340000e+000  3.8939965e+001
  1.6350000e+000  3.1597251e+001
  1.6360000e+000  2.4377391e+001
  1.6370000e+000  1.7594995e+001
  1.6380000e+000  7.9946414e+000
  1.6390000e+000  1.8690963e+000
  1.6400000e+000  3.9502447e+000
  1.6410000e+000  9.2455654e+000
  1.6420000e+000  1.1716816e+001
  1.6430000e+000  1.0603054e+001
  1.6440000e+000  1.3080100e+001
  1.6450000e+000  2.3541246e+001
  1.6460000e+000  3.5271963e+001
  1.6470000e+000  4.2188321e+001
  1.6480000e+000  4.2050668e+001
  1.6490000e+000  3.1808674e+001
  1.6500000e+000  1.2657169e+001
  1.6510000e+000 -1.0568862e+001
  1.6520000e+000 -2.8795490e+001
  1.6530000e+000 -3.3270742e+001
  1.6540000e+000 -3.4371251e+001
  1.6550000e+000 -3.8796314e+001
  1.6560000e+000 -3.2340186e+001
  1.6570000e+000 -1.7040218e+001
  1.6580000e+000 -8.2544419e+000
  1.6590000e+000 -2.2444413e+000
  1.6600000e+000  6.1280257e+000
  1.6610000e+000  9.2312667e+000
  1.6620000e+000  3.2216218e+000
  1.6630000e+000 -3.1386725e+000
  1.6640000e+000 -2.7607362e-001
  1.6650000e+000  5.9590135e+000
  1.6660000e+000 -2.2544275e+000
  1.6670000e+000 -1.5809229e+001
  1.6680000e+000 -9.9937427e+000
  1.6690000e+000 -3.3003620e+000
  1.6700000e+000 -1.4024055e+001
  1.6710000e+000 -1.3567515e+001
  1.6720000e+000  3.6751197e+000
  1.6730000e+000  7.6180844e+000
  1.6740000e+000 -4.3399752e-002
  1.6750000e+000 -2.9129311e+000
  1.6760000e+000 -7.5097679e+000
  1.6770000e+000 -2.2061045e+001
  1.6780000e+000 -4.0129556e+001
  1.6790000e+000 -4.7180980e+001
  1.6800000e+000 -3.1566090e+001
  1.6810000e+000 -5.3761638e+000
  1.6820000e+000  1.0583781e+001
  1.6830000e+000  1.8844884e+001
  1.6840000e+000  2.3974064e+001
  1.6850000e+000  1.9488792e+001
  1.6860000e+000  1.5084627e+001
  1.6870000e+000  2.5148584e+001
  1.6880000e+000  3.3636339e+001
  1.6890000e+000  2.8964826e+001
  1.6900000e+000  1.9891356e+001
  1.6910000e+000  1.1882203e+001
  1.6920000e+000  1.2806676e+001
  1.6930000e+000  2.4377395e+001
  1.6940000e+000  3.4068182e+001
  1.6950000e+000  3.8281125e+001
  1.6960000e+000  4.2751808e+001
  1.6970000e+000  4.7504912e+001
  1.6980000e+000  5.2485381e+001
  1.6990000e+000  5.3113443e+001
  1.7000000e+000  4.7255416e+001
  1.7010000e+000  3.9397356e+001
  1.7020000e+000  3.1832736e+001
  1.7030000e+000  2.4782005e+001
  1.7040000e+000  1.8019892e+001
  1.7050000e+000  1.3750162e+001
  1.7060000e+000  1.4605719e+001
  1.7070000e+000  1.7001291e+001
  1.7080000e+000  1.6985229e+001
  1.7090000e+000  1.2612930e+001
  1.7100000e+000  5.4934264e+000
  1.7110000e+000  2.1360111e+000
  1.7120000e+000  2.6100271e+000
  1.7130000e+000  4.8396294e+000
  1.7140000e+000  6.2274178e+000
  1.7150000e+000  6.4692533e+000
  1.7160000e+000  5.5530194e+000
  1.7170000e+000  3.2695677e+000
  1.7180000e+000  2.7531171e+000
  1.7190000e+000  3.1535676e+000
  1.7200000e+000  3.3475719e+000
  1.7210000e+000  8.2409008e+000
  1.7220000e+000  1.6744366e+001
  1.7230000e+000  2.4304514e+001
  1.7240000e+000  2.8772297e+001
  1.7250000e+000  3.0215342e+001
  1.7260000e+000  2.8764100e+001
  1.7270000e+000  2.7815862e+001
  1.7280000e+000  3.3043102e+001
  1.7290000e+000  3.8509768e+001
  1.7300000e+000  3.7483510e+001
  1.7310000e+000  3.2781876e+001
  1.7320000e+000  2.6015031e+001
  1.7330000e+000  2.1295431e+001
  1.7340000e+000  2.4592661e+001
  1.7350000e+000  2.7899413e+001
  1.7360000e+000  2.3957778e+001
  1.7370000e+000  1.9755596e+001
  1.7380000e+000  2.1232405e+001
  1.7390000e+000  3.0388371e+001
  1.7400000e+000  3.6403528e+001
  1.7410000e+000  2.7753278e+001
  1.7420000e+000  1.4885834e+001
  1.7430000e+000  1.0235349e+001
  1.7440000e+000  1.1591793e+001
  1.7450000e+000  9.7259382e+000
  1.7460000e+000  3.2718824e+000
  1.7470000e+000 -4.3687045e+000
  1.7480000e+000 -1.4192086e+001
  1.7490000e+000 -1.8432915e+001
  1.7500000e+000 -1.2574715e+001
  1.7510000e+000 -5.1153501e+000
  1.7520000e+000  3.0452376e+000
  1.7530000e+000  5.8678665e+000
  1.7540000e+000  6.4459914e-001
  1.7550000e+000  2.6316415e+000
  1.7560000e+000  1.3309737e+001
  1.7570000e+000  2.1310550e+001
  1.7580000e+000  2.4937345e+001
  1.7590000e+000  2.7370364e+001
  1.7600000e+000  3.4960026e+001
  1.7610000e+000  4.8032716e+001
  1.7620000e+000  5.4132763e+001
  1.7630000e+000  5.0813186e+001
  1.7640000e+000  4.5088197e+001
  1.7650000e+000  3.4536083e+001
  1.7660000e+000  1.5636226e+001
  1.7670000e+000 -4.5991073e+000
  1.7680000e+000 -1.4105545e+001
  1.7690000e+000 -7.0908029e+000
  1.7700000e+000  3.5479157e+000
  1.7710000e+000 -4.5450650e+000
  1.7720000e+000 -2.3627117e+001
  1.7730000e+000 -2.4401178e+001
  1.7740000e+000 -3.4010359e+000
  1.7750000e+000  1.7195061e+001
  1.7760000e+000  2.2548797e+001
  1.7770000e+000  2.5343785e+001
  1.7780000e+000  3.5438234e+001
  1.7790000e+000  4.0399747e+001
  1.7800000e+000  3.5411093e+001
  1.7810000e+000  3.4799199e+001
  1.7820000e+000  4.5933052e+001
  1.7830000e+000  5.1210153e+001
  1.7840000e+000  3.7229495e+001
  1.7850000e+000  2.1811820e+001
  1.7860000e+000  1.7354842e+001
  1.7870000e+000  1.7610824e+001
  1.7880000e+000  2.0090704e+001
  1.7890000e+000  2.7639442e+001
  1.7900000e+000  3.6852164e+001
  1.7910000e+000  3.6408291e+001
  1.7920000e+000  3.0788342e+001
  1.7930000e+000  2.6302073e+001
  1.7940000e+000  2.0576797e+001
  1.7950000e+000  1.9985683e+001
  1.7960000e+000  3.1650198e+001
  1.7970000e+000  4.5521521e+001
  1.7980000e+000  5.5103234e+001
  1.7990000e+000  6.2953893e+001
  1.8000000e+000  6.3923257e+001
