  0.0000000e+000  8.1947236e+000
  1.0000000e-003  1.9881167e+001
  2.0000000e-003  3.5614905e+001
  3.0000000e-003  4.8125667e+001
  4.0000000e-003  6.7625472e+001
  5.0000000e-003  9.3087236e+001
  6.0000000e-003  1.1572446e+002
  7.0000000e-003  1.3609769e+002
  8.0000000e-003  1.5278989e+002
  9.0000000e-003  1.6364461e+002
  1.0000000e-002  1.7137718e+002
  1.1000000e-002  1.8178082e+002
  1.2000000e-002  1.9444415e+002
  1.3000000e-002  2.0215120e+002
  1.4000000e-002  2.0361086e+002
  1.5000000e-002  1.9931680e+002
  1.6000000e-002  1.9063220e+002
  1.7000000e-002  1.7714149e+002
  1.8000000e-002  1.5482148e+002
  1.9000000e-002  1.2920880e+002
  2.0000000e-002  1.0764411e+002
  2.1000000e-002  9.3108714e+001
  2.2000000e-002  8.4132778e+001
  2.3000000e-002  7.7029090e+001
  2.4000000e-002  6.9800896e+001
  2.5000000e-002  6.0437534e+001
  2.6000000e-002  4.9106764e+001
  2.7000000e-002  4.0221896e+001
  2.8000000e-002  3.6291620e+001
  2.9000000e-002  3.4819223e+001
  3.0000000e-002  3.3640310e+001
  3.1000000e-002  3.3026406e+001
  3.2000000e-002  3.2251528e+001
  3.3000000e-002  3.0367294e+001
  3.4000000e-002  2.8143985e+001
  3.5000000e-002  2.6597382e+001
  3.6000000e-002  2.4446511e+001
  3.7000000e-002  2.0335314e+001
  3.8000000e-002  1.5847896e+001
  3.9000000e-002  1.4301865e+001
  4.0000000e-002  1.5793882e+001
  4.1000000e-002  1.6822106e+001
  4.2000000e-002  1.6011908e+001
  4.3000000e-002  1.5348613e+001
  4.4000000e-002  1.3987788e+001
  4.5000000e-002  1.2491154e+001
  4.6000000e-002  1.2362709e+001
  4.7000000e-002  1.3886474e+001
  4.8000000e-002  1.5265523e+001
  4.9000000e-002  1.5951981e+001
  5.0000000e-002  1.6098575e+001
  5.1000000e-002  1.6217184e+001
  5.2000000e-002  1.6112848e+001
  5.3000000e-002  1.5588407e+001
  5.4000000e-002  1.5322478e+001
  5.5000000e-002  1.4200755e+001
  5.6000000e-002  1.0855432e+001
  5.7000000e-002  7.2795096e+000
  5.8000000e-002  6.3311680e+000
  5.9000000e-002  8.4094381e+000
  6.0000000e-002  1.1826168e+001
  6.1000000e-002  1.4310728e+001
  6.2000000e-002  1.4602690e+001
  6.3000000e-002  1.3420771e+001
  6.4000000e-002  1.1141036e+001
  6.5000000e-002  8.1328615e+000
  6.6000000e-002  6.7387799e+000
  6.7000000e-002  7.8749065e+000
  6.8000000e-002  9.5430623e+000
  6.9000000e-002  1.0095882e+001
  7.0000000e-002  1.0097380e+001
  7.1000000e-002  1.0915201e+001
  7.2000000e-002  1.2351284e+001
  7.3000000e-002  1.2433378e+001
  7.4000000e-002  1.0639317e+001
  7.5000000e-002  9.3451738e+000
  7.6000000e-002  9.9284113e+000
  7.7000000e-002  1.0768333e+001
  7.8000000e-002  1.0573023e+001
  7.9000000e-002  9.9629487e+000
  8.0000000e-002  9.7318621e+000
  8.1000000e-002  9.7032874e+000
  8.2000000e-002  9.7161499e+000
  8.3000000e-002  9.5076995e+000
  8.4000000e-002  9.2090181e+000
  8.5000000e-002  1.0043826e+001
  8.6000000e-002  1.2201802e+001
  8.7000000e-002  1.3167670e+001
  8.8000000e-002  1.0915667e+001
  8.9000000e-002  7.1158478e+000
  9.0000000e-002  5.2739278e+000
  9.1000000e-002  5.8289009e+000
  9.2000000e-002  6.5593523e+000
  9.3000000e-002  6.3827910e+000
  9.4000000e-002  6.1692087e+000
  9.5000000e-002  5.6423036e+000
  9.6000000e-002  3.8355111e+000
  9.7000000e-002  1.6350185e+000
  9.8000000e-002  1.3055424e+000
  9.9000000e-002  3.1776886e+000
  1.0000000e-001  5.1147918e+000
  1.0100000e-001  5.3650266e+000
  1.0200000e-001  3.7668869e+000
  1.0300000e-001  1.1548992e+000
  1.0400000e-001 -1.1941125e+000
  1.0500000e-001 -3.7795657e+000
  1.0600000e-001 -9.1900531e+000
  1.0700000e-001 -2.0522200e+001
  1.0800000e-001 -4.1319569e+001
  1.0900000e-001 -7.3666689e+001
  1.1000000e-001 -1.1528976e+002
  1.1100000e-001 -1.5960363e+002
  1.1200000e-001 -2.0323473e+002
  1.1300000e-001 -2.3809584e+002
  1.1400000e-001 -2.5850072e+002
  1.1500000e-001 -2.6432169e+002
  1.1600000e-001 -2.5544707e+002
  1.1700000e-001 -2.2944204e+002
  1.1800000e-001 -1.9486629e+002
  1.1900000e-001 -1.6730165e+002
  1.2000000e-001 -1.5218264e+002
  1.2100000e-001 -1.4737261e+002
  1.2200000e-001 -1.4793787e+002
  1.2300000e-001 -1.4681626e+002
  1.2400000e-001 -1.3868746e+002
  1.2500000e-001 -1.2711902e+002
  1.2600000e-001 -1.1952825e+002
  1.2700000e-001 -1.1659292e+002
  1.2800000e-001 -1.1107547e+002
  1.2900000e-001 -1.0009734e+002
  1.3000000e-001 -8.8863742e+001
  1.3100000e-001 -8.4100563e+001
  1.3200000e-001 -8.4604349e+001
  1.3300000e-001 -8.2622219e+001
  1.3400000e-001 -7.6339407e+001
  1.3500000e-001 -7.2215757e+001
  1.3600000e-001 -7.5237348e+001
  1.3700000e-001 -8.1208711e+001
  1.3800000e-001 -8.2226134e+001
  1.3900000e-001 -7.6084274e+001
  1.4000000e-001 -6.7472594e+001
  1.4100000e-001 -6.0181803e+001
  1.4200000e-001 -5.5642293e+001
  1.4300000e-001 -5.2882763e+001
  1.4400000e-001 -5.3641700e+001
  1.4500000e-001 -5.9943361e+001
  1.4600000e-001 -6.8745042e+001
  1.4700000e-001 -7.1628090e+001
  1.4800000e-001 -6.8241217e+001
  1.4900000e-001 -6.7432249e+001
  1.5000000e-001 -7.1541735e+001
  1.5100000e-001 -7.4611271e+001
  1.5200000e-001 -7.4746015e+001
  1.5300000e-001 -7.5425113e+001
  1.5400000e-001 -7.9642469e+001
  1.5500000e-001 -8.6468202e+001
  1.5600000e-001 -9.0717261e+001
  1.5700000e-001 -8.9415537e+001
  1.5800000e-001 -8.7291852e+001
  1.5900000e-001 -8.8500622e+001
  1.6000000e-001 -9.2550591e+001
  1.6100000e-001 -9.4896368e+001
  1.6200000e-001 -9.2351068e+001
  1.6300000e-001 -9.1214492e+001
  1.6400000e-001 -1.0464719e+002
  1.6500000e-001 -1.3104873e+002
  1.6600000e-001 -1.5481110e+002
  1.6700000e-001 -1.6804864e+002
  1.6800000e-001 -1.7386448e+002
  1.6900000e-001 -1.7522587e+002
  1.7000000e-001 -1.7393827e+002
  1.7100000e-001 -1.7103937e+002
  1.7200000e-001 -1.6690477e+002
  1.7300000e-001 -1.6715146e+002
  1.7400000e-001 -1.7165683e+002
  1.7500000e-001 -1.7393341e+002
  1.7600000e-001 -1.7368796e+002
  1.7700000e-001 -1.7596134e+002
  1.7800000e-001 -1.8200192e+002
  1.7900000e-001 -1.9133435e+002
  1.8000000e-001 -2.0538397e+002
  1.8100000e-001 -2.2140382e+002
  1.8200000e-001 -2.3536728e+002
  1.8300000e-001 -2.4775172e+002
  1.8400000e-001 -2.5158007e+002
  1.8500000e-001 -2.4215602e+002
  1.8600000e-001 -2.2421116e+002
  1.8700000e-001 -2.0461550e+002
  1.8800000e-001 -1.8454226e+002
  1.8900000e-001 -1.7112713e+002
  1.9000000e-001 -1.6384053e+002
  1.9100000e-001 -1.5463454e+002
  1.9200000e-001 -1.4247653e+002
  1.9300000e-001 -1.2944798e+002
  1.9400000e-001 -1.1835742e+002
  1.9500000e-001 -1.1475406e+002
  1.9600000e-001 -1.1920798e+002
  1.9700000e-001 -1.1823459e+002
  1.9800000e-001 -1.0890261e+002
  1.9900000e-001 -1.0260394e+002
  2.0000000e-001 -1.0412289e+002
  2.0100000e-001 -1.0577350e+002
  2.0200000e-001 -1.0107064e+002
  2.0300000e-001 -8.9688335e+001
  2.0400000e-001 -7.5682687e+001
  2.0500000e-001 -6.3787349e+001
  2.0600000e-001 -5.6483008e+001
  2.0700000e-001 -5.4390813e+001
  2.0800000e-001 -5.7010799e+001
  2.0900000e-001 -6.5307749e+001
  2.1000000e-001 -7.6861053e+001
  2.1100000e-001 -8.3276517e+001
  2.1200000e-001 -8.2579499e+001
  2.1300000e-001 -8.1528942e+001
  2.1400000e-001 -8.4787576e+001
  2.1500000e-001 -8.6652806e+001
  2.1600000e-001 -8.2841764e+001
  2.1700000e-001 -7.6941042e+001
  2.1800000e-001 -7.3602850e+001
  2.1900000e-001 -7.1066873e+001
  2.2000000e-001 -6.8646960e+001
  2.2100000e-001 -6.5693476e+001
  2.2200000e-001 -6.2607518e+001
  2.2300000e-001 -6.0132061e+001
  2.2400000e-001 -5.8800892e+001
  2.2500000e-001 -5.6446843e+001
  2.2600000e-001 -4.9995065e+001
  2.2700000e-001 -4.3292320e+001
  2.2800000e-001 -5.1327473e+001
  2.2900000e-001 -8.1418146e+001
  2.3000000e-001 -1.1225785e+002
  2.3100000e-001 -1.1253377e+002
  2.3200000e-001 -8.1799056e+001
  2.3300000e-001 -5.1978746e+001
  2.3400000e-001 -4.4651643e+001
  2.3500000e-001 -5.1579061e+001
  2.3600000e-001 -6.2140520e+001
  2.3700000e-001 -6.7556614e+001
  2.3800000e-001 -6.2738797e+001
  2.3900000e-001 -5.1791529e+001
  2.4000000e-001 -4.6152065e+001
  2.4100000e-001 -4.8151266e+001
  2.4200000e-001 -5.1883856e+001
  2.4300000e-001 -5.3304680e+001
  2.4400000e-001 -5.2807340e+001
  2.4500000e-001 -5.3279996e+001
  2.4600000e-001 -5.4118891e+001
  2.4700000e-001 -5.4331159e+001
  2.4800000e-001 -5.5333397e+001
  2.4900000e-001 -5.8457599e+001
  2.5000000e-001 -6.0566831e+001
  2.5100000e-001 -6.1049376e+001
  2.5200000e-001 -6.3952942e+001
  2.5300000e-001 -6.9804488e+001
  2.5400000e-001 -7.2095468e+001
  2.5500000e-001 -6.6952733e+001
  2.5600000e-001 -5.8833705e+001
  2.5700000e-001 -5.1628571e+001
  2.5800000e-001 -4.6275190e+001
  2.5900000e-001 -4.2316389e+001
  2.6000000e-001 -4.3330914e+001
  2.6100000e-001 -5.3904250e+001
  2.6200000e-001 -6.8220894e+001
  2.6300000e-001 -6.8851123e+001
  2.6400000e-001 -4.9610073e+001
  2.6500000e-001 -3.1765397e+001
  2.6600000e-001 -3.3866629e+001
  2.6700000e-001 -4.5130282e+001
  2.6800000e-001 -4.8290997e+001
  2.6900000e-001 -4.4066642e+001
  2.7000000e-001 -4.1704967e+001
  2.7100000e-001 -4.2195281e+001
  2.7200000e-001 -4.1865619e+001
  2.7300000e-001 -4.0879499e+001
  2.7400000e-001 -4.2258764e+001
  2.7500000e-001 -4.6121555e+001
  2.7600000e-001 -5.0359299e+001
  2.7700000e-001 -5.1318543e+001
  2.7800000e-001 -4.6437330e+001
  2.7900000e-001 -3.8486975e+001
  2.8000000e-001 -3.5454826e+001
  2.8100000e-001 -3.9322361e+001
  2.8200000e-001 -4.7026948e+001
  2.8300000e-001 -5.2787250e+001
  2.8400000e-001 -5.3000998e+001
  2.8500000e-001 -4.6223284e+001
  2.8600000e-001 -3.3899764e+001
  2.8700000e-001 -2.0188666e+001
  2.8800000e-001 -1.0891632e+001
  2.8900000e-001 -9.3537392e+000
  2.9000000e-001 -1.3105434e+001
  2.9100000e-001 -1.7518553e+001
  2.9200000e-001 -2.0399834e+001
  2.9300000e-001 -2.3599244e+001
  2.9400000e-001 -2.8313949e+001
  2.9500000e-001 -3.3710392e+001
  2.9600000e-001 -3.6580553e+001
  2.9700000e-001 -3.5296998e+001
  2.9800000e-001 -3.2245577e+001
  2.9900000e-001 -2.9027467e+001
  3.0000000e-001 -2.3723904e+001
  3.0100000e-001 -2.0092454e+001
  3.0200000e-001 -1.9512422e+001
  3.0300000e-001 -1.6629978e+001
  3.0400000e-001 -8.8423335e+000
  3.0500000e-001 -1.7210968e+000
  3.0600000e-001 -9.1057579e-001
  3.0700000e-001 -3.9334849e+000
  3.0800000e-001 -3.5047096e+000
  3.0900000e-001  3.0797030e+000
  3.1000000e-001  8.2859384e+000
  3.1100000e-001  6.6483966e+000
  3.1200000e-001  1.2871022e+000
  3.1300000e-001 -2.9317132e+000
  3.1400000e-001 -8.2057898e+000
  3.1500000e-001 -1.6166332e+001
  3.1600000e-001 -2.1814904e+001
  3.1700000e-001 -1.7018832e+001
  3.1800000e-001 -3.2772243e+000
  3.1900000e-001  9.8027349e+000
  3.2000000e-001  1.4923856e+001
  3.2100000e-001  1.3333150e+001
  3.2200000e-001  7.4515884e+000
  3.2300000e-001 -1.5959284e+000
  3.2400000e-001 -9.7126096e+000
  3.2500000e-001 -1.2703613e+001
  3.2600000e-001 -1.3112241e+001
  3.2700000e-001 -1.7452155e+001
  3.2800000e-001 -2.5380509e+001
  3.2900000e-001 -3.1716081e+001
  3.3000000e-001 -3.4378634e+001
  3.3100000e-001 -3.4798967e+001
  3.3200000e-001 -3.4573266e+001
  3.3300000e-001 -3.0639443e+001
  3.3400000e-001 -2.2475122e+001
  3.3500000e-001 -1.5603590e+001
  3.3600000e-001 -1.4099476e+001
  3.3700000e-001 -1.5802081e+001
  3.3800000e-001 -1.7998352e+001
  3.3900000e-001 -2.0448901e+001
  3.4000000e-001 -2.0229587e+001
  3.4100000e-001 -1.4755623e+001
  3.4200000e-001 -7.2126999e+000
  3.4300000e-001 -3.2925390e+000
  3.4400000e-001 -3.6063674e+000
  3.4500000e-001 -8.8168168e+000
  3.4600000e-001 -1.9260686e+001
  3.4700000e-001 -3.2011918e+001
  3.4800000e-001 -4.2549722e+001
  3.4900000e-001 -4.7962825e+001
  3.5000000e-001 -4.8620741e+001
  3.5100000e-001 -4.6093817e+001
  3.5200000e-001 -4.2530775e+001
  3.5300000e-001 -3.8917810e+001
  3.5400000e-001 -3.4393217e+001
  3.5500000e-001 -2.8530775e+001
  3.5600000e-001 -2.3291998e+001
  3.5700000e-001 -2.1190944e+001
  3.5800000e-001 -1.9486679e+001
  3.5900000e-001 -1.6280652e+001
  3.6000000e-001 -1.2481430e+001
  3.6100000e-001 -9.5462604e+000
  3.6200000e-001 -5.7538836e+000
  3.6300000e-001 -4.5186240e+000
  3.6400000e-001 -1.0953316e+001
  3.6500000e-001 -2.0607079e+001
  3.6600000e-001 -2.5349079e+001
  3.6700000e-001 -2.7205132e+001
  3.6800000e-001 -3.0051837e+001
  3.6900000e-001 -3.0354255e+001
  3.7000000e-001 -2.7821008e+001
  3.7100000e-001 -2.6400435e+001
  3.7200000e-001 -2.3068270e+001
  3.7300000e-001 -1.4584951e+001
  3.7400000e-001 -7.7123924e+000
  3.7500000e-001 -6.3847399e+000
  3.7600000e-001 -5.6771803e+000
  3.7700000e-001 -2.5376870e+000
  3.7800000e-001 -2.9343175e-001
  3.7900000e-001 -2.7843486e+000
  3.8000000e-001 -1.1336731e+001
  3.8100000e-001 -2.2497140e+001
  3.8200000e-001 -2.6268778e+001
  3.8300000e-001 -1.7288026e+001
  3.8400000e-001 -1.6157103e+000
  3.8500000e-001  1.0810015e+001
  3.8600000e-001  1.4319293e+001
  3.8700000e-001  1.1748404e+001
  3.8800000e-001  1.0489793e+001
  3.8900000e-001  1.2647343e+001
  3.9000000e-001  1.6760136e+001
  3.9100000e-001  2.6544715e+001
  3.9200000e-001  3.8919867e+001
  3.9300000e-001  4.5971607e+001
  3.9400000e-001  4.3282788e+001
  3.9500000e-001  3.2800827e+001
  3.9600000e-001  1.7938009e+001
  3.9700000e-001  5.2268729e+000
  3.9800000e-001 -5.2089633e-001
  3.9900000e-001 -2.4977673e-001
  4.0000000e-001  3.6763636e+000
  4.0100000e-001  1.0237182e+001
  4.0200000e-001  1.5458257e+001
  4.0300000e-001  1.6980885e+001
  4.0400000e-001  1.7314971e+001
  4.0500000e-001  1.7138836e+001
  4.0600000e-001  1.5920095e+001
  4.0700000e-001  1.5532690e+001
  4.0800000e-001  1.4658578e+001
  4.0900000e-001  9.8537013e+000
  4.1000000e-001  5.3263278e+000
  4.1100000e-001  6.3614693e+000
  4.1200000e-001  7.8888719e+000
  4.1300000e-001  5.5236516e+000
  4.1400000e-001  2.8918715e+000
  4.1500000e-001  4.8090961e+000
  4.1600000e-001  7.9204518e+000
  4.1700000e-001  7.7019544e+000
  4.1800000e-001  4.7283974e+000
  4.1900000e-001  3.6703831e+000
  4.2000000e-001  3.6842489e+000
  4.2100000e-001  4.7879388e+000
  4.2200000e-001  1.0369172e+001
  4.2300000e-001  2.2676791e+001
  4.2400000e-001  3.2908765e+001
  4.2500000e-001  3.3093693e+001
  4.2600000e-001  2.3358429e+001
  4.2700000e-001  8.4124661e+000
  4.2800000e-001 -1.0228755e+001
  4.2900000e-001 -2.7967953e+001
  4.3000000e-001 -3.7220139e+001
  4.3100000e-001 -3.8361938e+001
  4.3200000e-001 -3.7980977e+001
  4.3300000e-001 -3.7404934e+001
  4.3400000e-001 -3.0772253e+001
  4.3500000e-001 -2.0123388e+001
  4.3600000e-001 -1.1646079e+001
  4.3700000e-001 -7.5767219e+000
  4.3800000e-001 -5.3301690e+000
  4.3900000e-001 -4.7940718e+000
  4.4000000e-001 -5.8043435e+000
  4.4100000e-001 -5.6685411e+000
  4.4200000e-001 -1.9170014e+000
  4.4300000e-001  2.2921385e+000
  4.4400000e-001  5.2732687e-001
  4.4500000e-001 -5.7036974e+000
  4.4600000e-001 -9.9759252e+000
  4.4700000e-001 -1.0102297e+001
  4.4800000e-001 -9.8414634e+000
  4.4900000e-001 -5.8717594e+000
  4.5000000e-001  4.3362332e+000
  4.5100000e-001  1.4958013e+001
  4.5200000e-001  1.9371182e+001
  4.5300000e-001  1.9926579e+001
  4.5400000e-001  1.6059793e+001
  4.5500000e-001  4.5926123e+000
  4.5600000e-001 -8.3339288e+000
  4.5700000e-001 -1.1765992e+001
  4.5800000e-001 -5.3909977e+000
  4.5900000e-001  3.2542842e+000
  4.6000000e-001  1.0343661e+001
  4.6100000e-001  1.4752408e+001
  4.6200000e-001  1.4252481e+001
  4.6300000e-001  8.6852847e+000
  4.6400000e-001  1.0301747e+000
  4.6500000e-001 -3.5997249e+000
  4.6600000e-001 -3.6668662e+000
  4.6700000e-001 -5.1718160e+000
  4.6800000e-001 -1.2977285e+001
  4.6900000e-001 -2.3546517e+001
  4.7000000e-001 -3.1354889e+001
  4.7100000e-001 -3.5192004e+001
  4.7200000e-001 -3.7354068e+001
  4.7300000e-001 -3.7933774e+001
  4.7400000e-001 -3.4049476e+001
  4.7500000e-001 -2.4803388e+001
  4.7600000e-001 -1.4273535e+001
  4.7700000e-001 -4.4191076e+000
  4.7800000e-001  5.1590468e+000
  4.7900000e-001  1.3267658e+001
  4.8000000e-001  1.6136215e+001
  4.8100000e-001  1.1944903e+001
  4.8200000e-001  1.3964901e+000
  4.8300000e-001 -1.1966256e+001
  4.8400000e-001 -2.4870958e+001
  4.8500000e-001 -3.3091779e+001
  4.8600000e-001 -3.3409963e+001
  4.8700000e-001 -2.8508615e+001
  4.8800000e-001 -4.6904356e+001
  4.8900000e-001 -6.7417395e+001
  4.9000000e-001  4.4485801e+001
  4.9100000e-001  3.7602802e+002
  4.9200000e-001  7.3435241e+002
  4.9300000e-001  9.0331690e+002
  4.9400000e-001  9.2809183e+002
  4.9500000e-001  8.3030685e+002
  4.9600000e-001  5.5124942e+002
  4.9700000e-001  1.9915478e+002
  4.9800000e-001  1.0580212e+001
  4.9900000e-001 -7.9462020e+000
  5.0000000e-001  1.5659013e+001
  5.0100000e-001  1.1681415e+001
  5.0200000e-001  8.4908204e+000
  5.0300000e-001  8.6662454e+000
  5.0400000e-001  1.2649363e+001
  5.0500000e-001  1.8175877e+001
  5.0600000e-001  2.4899851e+001
  5.0700000e-001  3.3327916e+001
  5.0800000e-001  4.1082587e+001
  5.0900000e-001  4.4709249e+001
  5.1000000e-001  4.6380998e+001
  5.1100000e-001  4.9040533e+001
  5.1200000e-001  5.0190826e+001
  5.1300000e-001  4.4812550e+001
  5.1400000e-001  3.4755189e+001
  5.1500000e-001  2.5394826e+001
  5.1600000e-001  1.6373091e+001
  5.1700000e-001  5.3755340e+000
  5.1800000e-001 -4.6794425e+000
  5.1900000e-001 -9.9013226e+000
  5.2000000e-001 -1.1903198e+001
  5.2100000e-001 -1.0845550e+001
  5.2200000e-001 -4.5653317e+000
  5.2300000e-001  4.5400378e+000
  5.2400000e-001  1.2200931e+001
  5.2500000e-001  1.8142568e+001
  5.2600000e-001  2.2979498e+001
  5.2700000e-001  2.6452833e+001
  5.2800000e-001  3.3176883e+001
  5.2900000e-001  4.0841765e+001
  5.3000000e-001  4.0948318e+001
  5.3100000e-001  3.3133227e+001
  5.3200000e-001  2.7659900e+001
  5.3300000e-001  2.4607263e+001
  5.3400000e-001  1.9191315e+001
  5.3500000e-001  1.2913339e+001
  5.3600000e-001  7.3565612e+000
  5.3700000e-001 -8.6820765e-001
  5.3800000e-001 -9.2432112e+000
  5.3900000e-001 -1.1479546e+001
  5.4000000e-001 -7.5934886e+000
  5.4100000e-001 -1.9235795e+000
  5.4200000e-001  2.9175642e+000
  5.4300000e-001  4.0482187e+000
  5.4400000e-001 -8.3084977e-001
  5.4500000e-001 -5.9543201e+000
  5.4600000e-001 -7.0899646e+000
  5.4700000e-001 -6.5695324e+000
  5.4800000e-001 -7.3837187e+000
  5.4900000e-001 -8.5672386e+000
  5.5000000e-001 -7.4239708e+000
  5.5100000e-001 -2.3286971e+000
  5.5200000e-001  2.8534133e+000
  5.5300000e-001  4.1186525e+000
  5.5400000e-001  2.4566872e+000
  5.5500000e-001 -1.4852614e+000
  5.5600000e-001 -4.2945976e+000
  5.5700000e-001 -1.0021365e+000
  5.5800000e-001  7.9002472e+000
  5.5900000e-001  1.4896339e+001
  5.6000000e-001  1.6576936e+001
  5.6100000e-001  1.2958693e+001
  5.6200000e-001  7.9564163e+000
  5.6300000e-001  6.4886358e+000
  5.6400000e-001  8.8744169e+000
  5.6500000e-001  1.1805992e+001
  5.6600000e-001  1.2359795e+001
  5.6700000e-001  1.0530922e+001
  5.6800000e-001  8.6500586e+000
  5.6900000e-001  1.1648880e+001
  5.7000000e-001  1.9475339e+001
  5.7100000e-001  2.7888502e+001
  5.7200000e-001  3.1504943e+001
  5.7300000e-001  2.5947027e+001
  5.7400000e-001  1.2956070e+001
  5.7500000e-001  1.5776086e-001
  5.7600000e-001 -7.5423427e+000
  5.7700000e-001 -1.1449545e+001
  5.7800000e-001 -1.0594556e+001
  5.7900000e-001 -3.3794103e+000
  5.8000000e-001  6.4337954e+000
  5.8100000e-001  1.1045978e+001
  5.8200000e-001  8.5672640e+000
  5.8300000e-001  5.0170902e+000
  5.8400000e-001  3.7050751e+000
  5.8500000e-001  5.9526982e+000
  5.8600000e-001  1.1699251e+001
  5.8700000e-001  1.7472325e+001
  5.8800000e-001  1.7661980e+001
  5.8900000e-001  1.3261458e+001
  5.9000000e-001  1.2051164e+001
  5.9100000e-001  1.5918418e+001
  5.9200000e-001  1.7859020e+001
  5.9300000e-001  1.3267042e+001
  5.9400000e-001  6.0174535e+000
  5.9500000e-001 -5.2330841e-001
  5.9600000e-001 -8.8261876e+000
  5.9700000e-001 -1.8376173e+001
  5.9800000e-001 -2.6495617e+001
  5.9900000e-001 -3.0544171e+001
  6.0000000e-001 -2.6931307e+001
  6.0100000e-001 -1.6749006e+001
  6.0200000e-001 -3.6016963e+000
  6.0300000e-001  1.1440580e+001
  6.0400000e-001  2.6460018e+001
  6.0500000e-001  3.5086784e+001
  6.0600000e-001  3.7484932e+001
  6.0700000e-001  3.8753954e+001
  6.0800000e-001  3.8464986e+001
  6.0900000e-001  3.6091294e+001
  6.1000000e-001  3.5907793e+001
  6.1100000e-001  3.8019010e+001
  6.1200000e-001  3.7252615e+001
  6.1300000e-001  3.2524271e+001
  6.1400000e-001  2.6472005e+001
  6.1500000e-001  2.0976775e+001
  6.1600000e-001  1.7510582e+001
  6.1700000e-001  1.6988190e+001
  6.1800000e-001  1.7116021e+001
  6.1900000e-001  1.9980379e+001
  6.2000000e-001  2.7288625e+001
  6.2100000e-001  3.2978142e+001
  6.2200000e-001  3.0913805e+001
  6.2300000e-001  2.5406199e+001
  6.2400000e-001  2.0692837e+001
  6.2500000e-001  1.7879995e+001
  6.2600000e-001  1.7012448e+001
  6.2700000e-001  1.4684341e+001
  6.2800000e-001  9.3796280e+000
  6.2900000e-001  7.5879210e+000
  6.3000000e-001  1.4336957e+001
  6.3100000e-001  2.2637127e+001
  6.3200000e-001  2.7474585e+001
  6.3300000e-001  2.7458660e+001
  6.3400000e-001  2.2209150e+001
  6.3500000e-001  1.1612930e+001
  6.3600000e-001  1.9854135e+000
  6.3700000e-001 -1.8615500e+000
  6.3800000e-001 -1.0487847e-001
  6.3900000e-001  6.1473250e+000
  6.4000000e-001  1.5603707e+001
  6.4100000e-001  2.1132066e+001
  6.4200000e-001  1.7965899e+001
  6.4300000e-001  1.0490520e+001
  6.4400000e-001  5.8965966e+000
  6.4500000e-001  3.9932996e+000
  6.4600000e-001  2.7753686e+000
  6.4700000e-001  3.9742615e+000
  6.4800000e-001  8.0383081e+000
  6.4900000e-001  1.0701150e+001
  6.5000000e-001  5.7896741e+000
  6.5100000e-001 -5.5659938e+000
  6.5200000e-001 -1.5174250e+001
  6.5300000e-001 -1.7271711e+001
  6.5400000e-001 -1.2013203e+001
  6.5500000e-001 -3.2753030e+000
  6.5600000e-001  4.1761456e+000
  6.5700000e-001  1.0195776e+001
  6.5800000e-001  1.6805589e+001
  6.5900000e-001  2.5275631e+001
  6.6000000e-001  3.0372592e+001
  6.6100000e-001  2.6807449e+001
  6.6200000e-001  1.8355742e+001
  6.6300000e-001  1.2390255e+001
  6.6400000e-001  9.0276058e+000
  6.6500000e-001  5.9030579e+000
  6.6600000e-001  5.9507822e+000
  6.6700000e-001  1.0344309e+001
  6.6800000e-001  1.2084855e+001
  6.6900000e-001  8.2462564e+000
  6.7000000e-001  3.9960335e+000
  6.7100000e-001  1.0496946e+000
  6.7200000e-001 -7.4528422e+000
  6.7300000e-001 -1.9060124e+001
  6.7400000e-001 -2.7777107e+001
  6.7500000e-001 -3.9561164e+001
  6.7600000e-001 -6.1431567e+001
  6.7700000e-001 -6.6573745e+001
  6.7800000e-001 -3.4101888e+001
  6.7900000e-001  7.8366587e+000
  6.8000000e-001  2.3299301e+001
  6.8100000e-001  1.5600681e+001
  6.8200000e-001  1.5152796e+000
  6.8300000e-001 -1.0087874e+001
  6.8400000e-001 -1.5404484e+001
  6.8500000e-001 -1.1239149e+001
  6.8600000e-001 -4.9238931e+000
  6.8700000e-001 -3.3461110e+000
  6.8800000e-001 -1.5013332e+000
  6.8900000e-001  4.1443191e+000
  6.9000000e-001  8.6177302e+000
  6.9100000e-001  8.9277519e+000
  6.9200000e-001  7.4015754e+000
  6.9300000e-001  1.1967891e+001
  6.9400000e-001  2.4097698e+001
  6.9500000e-001  3.3006521e+001
  6.9600000e-001  2.8592889e+001
  6.9700000e-001  1.6427244e+001
  6.9800000e-001  8.0509628e+000
  6.9900000e-001  5.8769045e+000
  7.0000000e-001  4.7573885e+000
  7.0100000e-001  3.6696498e+000
  7.0200000e-001  4.2795775e+000
  7.0300000e-001  8.5126491e+000
  7.0400000e-001  1.7106421e+001
  7.0500000e-001  2.5846634e+001
  7.0600000e-001  2.8089665e+001
  7.0700000e-001  2.2796822e+001
  7.0800000e-001  1.4518960e+001
  7.0900000e-001  9.0171620e+000
  7.1000000e-001  1.0833685e+001
  7.1100000e-001  1.8644378e+001
  7.1200000e-001  2.4924253e+001
  7.1300000e-001  2.5843166e+001
  7.1400000e-001  2.3056926e+001
  7.1500000e-001  1.8254384e+001
  7.1600000e-001  1.4947205e+001
  7.1700000e-001  1.7541508e+001
  7.1800000e-001  2.1984857e+001
  7.1900000e-001  1.9598162e+001
  7.2000000e-001  1.1337240e+001
  7.2100000e-001  6.8413936e+000
  7.2200000e-001  1.2228786e+001
  7.2300000e-001  2.3207325e+001
  7.2400000e-001  3.0648535e+001
  7.2500000e-001  2.8306483e+001
  7.2600000e-001  2.5128339e+001
  7.2700000e-001  2.9751240e+001
  7.2800000e-001  3.6925723e+001
  7.2900000e-001  3.7775883e+001
  7.3000000e-001  3.2883822e+001
  7.3100000e-001  2.5748189e+001
  7.3200000e-001  1.7345659e+001
  7.3300000e-001  7.8220320e+000
  7.3400000e-001  8.6377140e-001
  7.3500000e-001  1.4606612e+000
  7.3600000e-001  9.3348566e+000
  7.3700000e-001  1.5174591e+001
  7.3800000e-001  1.2581882e+001
  7.3900000e-001  3.7262188e+000
  7.4000000e-001 -7.8475202e+000
  7.4100000e-001 -2.0002683e+001
  7.4200000e-001 -2.7480118e+001
  7.4300000e-001 -2.7442232e+001
  7.4400000e-001 -2.3249109e+001
  7.4500000e-001 -2.0696714e+001
  7.4600000e-001 -1.7684905e+001
  7.4700000e-001 -9.1447205e+000
  7.4800000e-001  5.7776535e+000
  7.4900000e-001  1.7453563e+001
  7.5000000e-001  1.9612471e+001
  7.5100000e-001  1.8615568e+001
  7.5200000e-001  2.2467946e+001
  7.5300000e-001  2.6878161e+001
  7.5400000e-001  2.7193914e+001
  7.5500000e-001  2.4621443e+001
  7.5600000e-001  2.0037781e+001
  7.5700000e-001  1.3541757e+001
  7.5800000e-001  9.9822817e+000
  7.5900000e-001  6.3669981e+000
  7.6000000e-001 -3.9934984e+000
  7.6100000e-001 -1.6239636e+001
  7.6200000e-001 -2.1940319e+001
  7.6300000e-001 -2.4326216e+001
  7.6400000e-001 -2.5580051e+001
  7.6500000e-001 -2.2075735e+001
  7.6600000e-001 -1.5409153e+001
  7.6700000e-001 -1.5022096e+001
  7.6800000e-001 -1.8780106e+001
  7.6900000e-001 -1.8007952e+001
  7.7000000e-001 -1.1089526e+001
  7.7100000e-001 -1.6177656e+000
  7.7200000e-001  7.8862891e+000
  7.7300000e-001  1.2400651e+001
  7.7400000e-001  1.1239415e+001
  7.7500000e-001  1.1736380e+001
  7.7600000e-001  1.8056773e+001
  7.7700000e-001  2.0743789e+001
  7.7800000e-001  1.2410157e+001
  7.7900000e-001  3.2819647e+000
  7.8000000e-001  5.6674105e+000
  7.8100000e-001  1.7417421e+001
  7.8200000e-001  2.5612884e+001
  7.8300000e-001  2.2195436e+001
  7.8400000e-001  1.1908581e+001
  7.8500000e-001  3.3711247e+000
  7.8600000e-001 -4.9729724e+000
  7.8700000e-001 -1.7385790e+001
  7.8800000e-001 -2.7527303e+001
  7.8900000e-001 -2.6498760e+001
  7.9000000e-001 -1.7081742e+001
  7.9100000e-001 -3.5982937e-001
  7.9200000e-001  2.4545295e+001
  7.9300000e-001  4.4911406e+001
  7.9400000e-001  5.0056253e+001
  7.9500000e-001  4.6660219e+001
  7.9600000e-001  4.1132523e+001
  7.9700000e-001  3.1937580e+001
  7.9800000e-001  2.4125612e+001
  7.9900000e-001  2.1072106e+001
  8.0000000e-001  1.6806768e+001
  8.0100000e-001  8.2949853e+000
  8.0200000e-001  1.5961191e+000
  8.0300000e-001 -5.7955460e-001
  8.0400000e-001  2.0883196e-001
  8.0500000e-001 -1.6039873e-001
  8.0600000e-001 -2.0403859e+000
  8.0700000e-001 -4.9157326e+000
  8.0800000e-001 -7.1592177e+000
  8.0900000e-001 -9.8720459e+000
  8.1000000e-001 -1.4795583e+001
  8.1100000e-001 -2.0770833e+001
  8.1200000e-001 -2.3574250e+001
  8.1300000e-001 -2.0274504e+001
  8.1400000e-001 -1.1429945e+001
  8.1500000e-001 -3.3782669e+000
  8.1600000e-001 -2.3299647e+000
  8.1700000e-001 -7.6174357e+000
  8.1800000e-001 -9.0064417e+000
  8.1900000e-001  1.9832400e+000
  8.2000000e-001  1.7869397e+001
  8.2100000e-001  2.6572529e+001
  8.2200000e-001  2.9649846e+001
  8.2300000e-001  3.3842759e+001
  8.2400000e-001  3.7216353e+001
  8.2500000e-001  3.8320342e+001
  8.2600000e-001  4.5511832e+001
  8.2700000e-001  6.2419537e+001
  8.2800000e-001  7.4438702e+001
  8.2900000e-001  7.0005809e+001
  8.3000000e-001  5.8990526e+001
  8.3100000e-001  5.5074187e+001
  8.3200000e-001  5.4185119e+001
  8.3300000e-001  5.1096633e+001
  8.3400000e-001  4.4878019e+001
  8.3500000e-001  3.6670770e+001
  8.3600000e-001  2.6584596e+001
  8.3700000e-001  1.8859788e+001
  8.3800000e-001  1.6967787e+001
  8.3900000e-001  1.9670399e+001
  8.4000000e-001  1.8547284e+001
  8.4100000e-001  1.2007715e+001
  8.4200000e-001  5.1248837e+000
  8.4300000e-001  3.8433046e+000
  8.4400000e-001  6.5701592e+000
  8.4500000e-001  9.0396038e+000
  8.4600000e-001  5.9418819e+000
  8.4700000e-001  1.0653720e-001
  8.4800000e-001  6.6375705e-003
  8.4900000e-001  8.3346478e+000
  8.5000000e-001  1.4747568e+001
  8.5100000e-001  1.3964301e+001
  8.5200000e-001  6.9315936e+000
  8.5300000e-001 -5.7210476e+000
  8.5400000e-001 -1.6055530e+001
  8.5500000e-001 -1.4356740e+001
  8.5600000e-001 -7.9837284e+000
  8.5700000e-001 -6.1810673e+000
  8.5800000e-001 -4.5985784e+000
  8.5900000e-001  1.9026369e+000
  8.6000000e-001  1.0469730e+001
  8.6100000e-001  1.4979587e+001
  8.6200000e-001  1.3229417e+001
  8.6300000e-001  9.2343704e+000
  8.6400000e-001  8.9806305e+000
  8.6500000e-001  1.3489586e+001
  8.6600000e-001  2.0762836e+001
  8.6700000e-001  2.8217371e+001
  8.6800000e-001  3.1589287e+001
  8.6900000e-001  2.9654590e+001
  8.7000000e-001  2.6496754e+001
  8.7100000e-001  2.2748387e+001
  8.7200000e-001  1.5920533e+001
  8.7300000e-001  1.1383903e+001
  8.7400000e-001  1.4379958e+001
  8.7500000e-001  2.0074394e+001
  8.7600000e-001  1.8653138e+001
  8.7700000e-001  9.1452561e+000
  8.7800000e-001 -3.6181861e+000
  8.7900000e-001 -1.2669674e+001
  8.8000000e-001 -1.2992180e+001
  8.8100000e-001 -1.6324148e+000
  8.8200000e-001  1.1405365e+001
  8.8300000e-001  1.6147163e+001
  8.8400000e-001  1.7971420e+001
  8.8500000e-001  2.5420344e+001
  8.8600000e-001  2.9822327e+001
  8.8700000e-001  2.4203137e+001
  8.8800000e-001  1.4634551e+001
  8.8900000e-001  1.1268196e+001
  8.9000000e-001  1.4507078e+001
  8.9100000e-001  1.8938677e+001
  8.9200000e-001  1.9870199e+001
  8.9300000e-001  2.0046042e+001
  8.9400000e-001  2.1690389e+001
  8.9500000e-001  2.0921876e+001
  8.9600000e-001  1.4267441e+001
  8.9700000e-001  7.7143259e+000
  8.9800000e-001  1.1659856e+001
  8.9900000e-001  2.2625887e+001
  9.0000000e-001  2.5788311e+001
  9.0100000e-001  1.8322766e+001
  9.0200000e-001  1.0842715e+001
  9.0300000e-001  2.3663803e+000
  9.0400000e-001 -1.2623111e+001
  9.0500000e-001 -2.3808872e+001
  9.0600000e-001 -1.9622405e+001
  9.0700000e-001 -9.1870868e+000
  9.0800000e-001 -2.3679478e+000
  9.0900000e-001  4.1480642e+000
  9.1000000e-001  1.0451147e+001
  9.1100000e-001  8.0637180e+000
  9.1200000e-001  2.4549493e+000
  9.1300000e-001  6.1301466e+000
  9.1400000e-001  1.5691555e+001
  9.1500000e-001  1.9595368e+001
  9.1600000e-001  1.8998086e+001
  9.1700000e-001  1.8424355e+001
  9.1800000e-001  1.7553722e+001
  9.1900000e-001  1.3848553e+001
  9.2000000e-001  8.4160576e+000
  9.2100000e-001  8.3523388e+000
  9.2200000e-001  1.7635901e+001
  9.2300000e-001  2.7124861e+001
  9.2400000e-001  2.8474822e+001
  9.2500000e-001  2.3990195e+001
  9.2600000e-001  1.7045623e+001
  9.2700000e-001  1.1280983e+001
  9.2800000e-001  1.3950637e+001
  9.2900000e-001  2.5996623e+001
  9.3000000e-001  3.7782056e+001
  9.3100000e-001  4.4171065e+001
  9.3200000e-001  4.5413778e+001
  9.3300000e-001  3.8845260e+001
  9.3400000e-001  2.8167971e+001
  9.3500000e-001  2.2474472e+001
  9.3600000e-001  2.2941046e+001
  9.3700000e-001  2.4857313e+001
  9.3800000e-001  2.5399032e+001
  9.3900000e-001  2.3315034e+001
  9.4000000e-001  1.9688773e+001
  9.4100000e-001  1.8430030e+001
  9.4200000e-001  2.4319322e+001
  9.4300000e-001  3.5146303e+001
  9.4400000e-001  3.9571281e+001
  9.4500000e-001  3.4590748e+001
  9.4600000e-001  2.8196911e+001
  9.4700000e-001  2.2467801e+001
  9.4800000e-001  1.1315175e+001
  9.4900000e-001 -5.0408678e+000
  9.5000000e-001 -1.6100775e+001
  9.5100000e-001 -1.2208933e+001
  9.5200000e-001  1.3875203e+000
  9.5300000e-001  1.0754252e+001
  9.5400000e-001  1.4977340e+001
  9.5500000e-001  2.4654712e+001
  9.5600000e-001  3.5722090e+001
  9.5700000e-001  3.1022838e+001
  9.5800000e-001  1.2924153e+001
  9.5900000e-001  1.6453707e+000
  9.6000000e-001  3.0606735e+000
  9.6100000e-001  8.4751910e+000
  9.6200000e-001  1.2986241e+001
  9.6300000e-001  1.3817589e+001
  9.6400000e-001  5.4557085e+000
  9.6500000e-001 -6.2760587e+000
  9.6600000e-001 -8.5270474e+000
  9.6700000e-001 -6.1489700e+000
  9.6800000e-001 -1.1916587e+001
  9.6900000e-001 -1.6062625e+001
  9.7000000e-001 -6.4021122e+000
  9.7100000e-001  3.9356378e+000
  9.7200000e-001  6.2116144e+000
  9.7300000e-001  1.0208787e+001
  9.7400000e-001  1.7070661e+001
  9.7500000e-001  1.9342404e+001
  9.7600000e-001  2.0380289e+001
  9.7700000e-001  2.3425321e+001
  9.7800000e-001  2.4667436e+001
  9.7900000e-001  2.1650942e+001
  9.8000000e-001  1.6373309e+001
  9.8100000e-001  1.2053162e+001
  9.8200000e-001  1.2465227e+001
  9.8300000e-001  1.8405014e+001
  9.8400000e-001  2.3585178e+001
  9.8500000e-001  1.9992052e+001
  9.8600000e-001  9.1689033e+000
  9.8700000e-001  2.6966846e+000
  9.8800000e-001  4.3672170e+000
  9.8900000e-001  9.5892649e+000
  9.9000000e-001  1.8022712e+001
  9.9100000e-001  2.9454551e+001
  9.9200000e-001  4.1910106e+001
  9.9300000e-001  6.9684544e+001
  9.9400000e-001  3.0558043e+001
  9.9500000e-001 -1.9746624e+002
  9.9600000e-001 -4.6666938e+002
  9.9700000e-001 -4.6586390e+002
  9.9800000e-001 -2.0659769e+002
  9.9900000e-001 -9.1687319e-001
  1.0000000e+000  2.7487100e+001
  1.0010000e+000  4.5048965e+000
  1.0020000e+000  6.1082696e+000
  1.0030000e+000  7.3030809e+000
  1.0040000e+000  2.9136957e+000
  1.0050000e+000 -2.4315840e+000
  1.0060000e+000  1.1258280e+000
  1.0070000e+000  1.4805837e+001
  1.0080000e+000  2.7015788e+001
  1.0090000e+000  2.4611751e+001
  1.0100000e+000  9.6765553e+000
  1.0110000e+000 -4.0975407e+000
  1.0120000e+000 -6.5420485e+000
  1.0130000e+000 -1.2266960e-001
  1.0140000e+000  8.5119583e+000
  1.0150000e+000  1.5207574e+001
  1.0160000e+000  2.1076221e+001
  1.0170000e+000  2.7199353e+001
  1.0180000e+000  3.2827255e+001
  1.0190000e+000  3.4550044e+001
  1.0200000e+000  2.5435384e+001
  1.0210000e+000  6.1902516e+000
  1.0220000e+000 -7.6908924e+000
  1.0230000e+000 -9.4214270e+000
  1.0240000e+000 -7.9915529e+000
  1.0250000e+000 -4.5244480e+000
  1.0260000e+000  6.9429361e+000
  1.0270000e+000  2.1054798e+001
  1.0280000e+000  3.0713165e+001
  1.0290000e+000  3.1494331e+001
  1.0300000e+000  1.9333843e+001
  1.0310000e+000 -1.0436354e+000
  1.0320000e+000 -1.4181974e+001
  1.0330000e+000 -9.6618981e+000
  1.0340000e+000  7.8556739e+000
  1.0350000e+000  2.0849421e+001
  1.0360000e+000  1.6487053e+001
  1.0370000e+000  1.6748375e+000
  1.0380000e+000 -7.0500535e+000
  1.0390000e+000 -6.3987254e+000
  1.0400000e+000 -7.6808121e+000
  1.0410000e+000 -1.3163877e+001
  1.0420000e+000 -1.4672522e+001
  1.0430000e+000 -9.7044419e+000
  1.0440000e+000 -3.1020982e-001
  1.0450000e+000  1.0535007e+001
  1.0460000e+000  1.6742339e+001
  1.0470000e+000  1.9248452e+001
  1.0480000e+000  2.8612870e+001
  1.0490000e+000  4.4478523e+001
  1.0500000e+000  5.3481017e+001
  1.0510000e+000  4.6620403e+001
  1.0520000e+000  2.9078065e+001
  1.0530000e+000  1.0246451e+001
  1.0540000e+000  8.1360287e-001
  1.0550000e+000  5.7202918e+000
  1.0560000e+000  1.9094807e+001
  1.0570000e+000  2.9766560e+001
  1.0580000e+000  3.1148322e+001
  1.0590000e+000  2.2875144e+001
  1.0600000e+000  1.4726607e+001
  1.0610000e+000  1.8196510e+001
  1.0620000e+000  2.8137535e+001
  1.0630000e+000  2.4619236e+001
  1.0640000e+000  1.3302674e+000
  1.0650000e+000 -1.9248132e+001
  1.0660000e+000 -1.4199449e+001
  1.0670000e+000  7.5691256e+000
  1.0680000e+000  2.1616573e+001
  1.0690000e+000  1.9417056e+001
  1.0700000e+000  9.6344835e+000
  1.0710000e+000  3.7024152e+000
  1.0720000e+000  9.8935503e+000
  1.0730000e+000  2.0927604e+001
  1.0740000e+000  2.0419654e+001
  1.0750000e+000  7.9390489e+000
  1.0760000e+000 -7.8911503e-003
  1.0770000e+000  5.2934080e+000
  1.0780000e+000  1.8888972e+001
  1.0790000e+000  2.8809367e+001
  1.0800000e+000  2.7639021e+001
  1.0810000e+000  1.8691687e+001
  1.0820000e+000  9.6311498e+000
  1.0830000e+000  6.8560244e+000
  1.0840000e+000  1.0184084e+001
  1.0850000e+000  1.5374968e+001
  1.0860000e+000  1.5753179e+001
  1.0870000e+000  1.0911227e+001
  1.0880000e+000  1.0705561e+001
  1.0890000e+000  2.1738846e+001
  1.0900000e+000  3.1436146e+001
  1.0910000e+000  3.0669767e+001
  1.0920000e+000  2.3820164e+001
  1.0930000e+000  1.4460435e+001
  1.0940000e+000  3.6038462e+000
  1.0950000e+000 -7.0255682e-001
  1.0960000e+000  5.7153118e+000
  1.0970000e+000  1.9174768e+001
  1.0980000e+000  3.3583974e+001
  1.0990000e+000  4.0082934e+001
  1.1000000e+000  2.8624637e+001
  1.1010000e+000  6.6189305e+000
  1.1020000e+000 -7.2358980e+000
  1.1030000e+000 -9.9525237e+000
  1.1040000e+000 -1.2539967e+001
  1.1050000e+000 -1.7962429e+001
  1.1060000e+000 -2.1059932e+001
  1.1070000e+000 -1.8097780e+001
  1.1080000e+000 -8.8549344e+000
  1.1090000e+000 -2.1438044e+000
  1.1100000e+000 -1.0131920e+001
  1.1110000e+000 -2.9199851e+001
  1.1120000e+000 -4.0890408e+001
  1.1130000e+000 -3.8466830e+001
  1.1140000e+000 -3.2373092e+001
  1.1150000e+000 -2.8245402e+001
  1.1160000e+000 -2.2614232e+001
  1.1170000e+000 -1.7152930e+001
  1.1180000e+000 -1.5786566e+001
  1.1190000e+000 -1.4256406e+001
  1.1200000e+000 -3.5249337e+000
  1.1210000e+000  1.3285929e+001
  1.1220000e+000  2.0882181e+001
  1.1230000e+000  1.1974985e+001
  1.1240000e+000 -5.1956693e+000
  1.1250000e+000 -2.0306001e+001
  1.1260000e+000 -2.8694949e+001
  1.1270000e+000 -3.1719212e+001
  1.1280000e+000 -3.1968765e+001
  1.1290000e+000 -2.7481749e+001
  1.1300000e+000 -1.9409978e+001
  1.1310000e+000 -1.4542332e+001
  1.1320000e+000 -1.4842397e+001
  1.1330000e+000 -1.3815280e+001
  1.1340000e+000 -9.0996017e+000
  1.1350000e+000 -7.7181390e+000
  1.1360000e+000 -1.6516528e+001
  1.1370000e+000 -2.9388698e+001
  1.1380000e+000 -3.6757125e+001
  1.1390000e+000 -3.7979090e+001
  1.1400000e+000 -3.7986394e+001
  1.1410000e+000 -3.5511068e+001
  1.1420000e+000 -2.4566745e+001
  1.1430000e+000 -2.8758599e+000
  1.1440000e+000  2.1659547e+001
  1.1450000e+000  3.4729291e+001
  1.1460000e+000  2.8100726e+001
  1.1470000e+000  9.7758690e+000
  1.1480000e+000 -6.9765906e+000
  1.1490000e+000 -1.7550765e+001
  1.1500000e+000 -2.3759506e+001
  1.1510000e+000 -2.7710035e+001
  1.1520000e+000 -2.6974340e+001
  1.1530000e+000 -1.7762887e+001
  1.1540000e+000 -4.4651766e+000
  1.1550000e+000  6.1007627e+000
  1.1560000e+000  1.3315987e+001
  1.1570000e+000  1.3042499e+001
  1.1580000e+000  6.5206931e+000
  1.1590000e+000  5.8459644e+000
  1.1600000e+000  1.3131839e+001
  1.1610000e+000  1.9049223e+001
  1.1620000e+000  2.2330323e+001
  1.1630000e+000  2.4795688e+001
  1.1640000e+000  2.3478739e+001
  1.1650000e+000  1.3463033e+001
  1.1660000e+000  1.6484554e-002
  1.1670000e+000 -3.0638669e+000
  1.1680000e+000  2.3511979e+000
  1.1690000e+000  3.8182533e+000
  1.1700000e+000  3.9377396e+000
  1.1710000e+000  8.2918186e+000
  1.1720000e+000  1.1465868e+001
  1.1730000e+000  1.2506377e+001
  1.1740000e+000  1.4512010e+001
  1.1750000e+000  1.7794322e+001
  1.1760000e+000  1.9090415e+001
  1.1770000e+000  1.4614202e+001
  1.1780000e+000  7.7023263e+000
  1.1790000e+000  6.7147581e+000
  1.1800000e+000  1.0953742e+001
  1.1810000e+000  1.1896197e+001
  1.1820000e+000  5.5999732e+000
  1.1830000e+000 -5.8292185e+000
  1.1840000e+000 -1.7794558e+001
  1.1850000e+000 -2.6120208e+001
  1.1860000e+000 -2.6558226e+001
  1.1870000e+000 -1.7470472e+001
  1.1880000e+000 -4.3211521e+000
  1.1890000e+000  5.6954070e+000
  1.1900000e+000  1.2805544e+001
  1.1910000e+000  1.6242413e+001
  1.1920000e+000  1.3261260e+001
  1.1930000e+000  8.0684004e+000
  1.1940000e+000  2.5845891e+000
  1.1950000e+000 -5.3755761e+000
  1.1960000e+000 -1.0959864e+001
  1.1970000e+000 -1.1917739e+001
  1.1980000e+000 -9.3616413e+000
  1.1990000e+000 -2.9261401e+000
  1.2000000e+000  2.4627229e+000
  1.2010000e+000  2.7897645e+000
  1.2020000e+000  4.6784376e+000
  1.2030000e+000  9.4252477e+000
  1.2040000e+000  1.3563741e+001
  1.2050000e+000  1.6799062e+001
  1.2060000e+000  1.8266631e+001
  1.2070000e+000  1.5678697e+001
  1.2080000e+000  9.1712772e+000
  1.2090000e+000 -3.6057602e+000
  1.2100000e+000 -2.0925761e+001
  1.2110000e+000 -2.9651723e+001
  1.2120000e+000 -2.3985367e+001
  1.2130000e+000 -1.3116209e+001
  1.2140000e+000  8.7346350e-001
  1.2150000e+000  1.7339154e+001
  1.2160000e+000  2.6318134e+001
  1.2170000e+000  2.4993651e+001
  1.2180000e+000  2.0596364e+001
  1.2190000e+000  1.9331336e+001
  1.2200000e+000  2.4892267e+001
  1.2210000e+000  3.0586633e+001
  1.2220000e+000  3.0343302e+001
  1.2230000e+000  2.9393898e+001
  1.2240000e+000  2.8495043e+001
  1.2250000e+000  2.4520910e+001
  1.2260000e+000  2.1898649e+001
  1.2270000e+000  2.2847756e+001
  1.2280000e+000  2.3733553e+001
  1.2290000e+000  2.2019383e+001
  1.2300000e+000  2.0722277e+001
  1.2310000e+000  2.0490129e+001
  1.2320000e+000  1.8468881e+001
  1.2330000e+000  1.5356398e+001
  1.2340000e+000  1.6878779e+001
  1.2350000e+000  1.9634573e+001
  1.2360000e+000  2.0475372e+001
  1.2370000e+000  2.2844920e+001
  1.2380000e+000  2.9541143e+001
  1.2390000e+000  3.5290463e+001
  1.2400000e+000  3.7242218e+001
  1.2410000e+000  3.7415472e+001
  1.2420000e+000  3.7466931e+001
  1.2430000e+000  3.5005514e+001
  1.2440000e+000  3.0129189e+001
  1.2450000e+000  2.6924908e+001
  1.2460000e+000  2.9706173e+001
  1.2470000e+000  3.2405471e+001
  1.2480000e+000  2.7294713e+001
  1.2490000e+000  1.9061542e+001
  1.2500000e+000  1.1833441e+001
  1.2510000e+000  2.6730686e-001
  1.2520000e+000 -9.7122806e+000
  1.2530000e+000 -1.1161644e+001
  1.2540000e+000 -9.1584999e+000
  1.2550000e+000 -3.0694949e+000
  1.2560000e+000  1.0512240e+001
  1.2570000e+000  2.1823060e+001
  1.2580000e+000  2.4618365e+001
  1.2590000e+000  2.0832700e+001
  1.2600000e+000  1.3341872e+001
  1.2610000e+000  8.8206162e+000
  1.2620000e+000  9.2387960e+000
  1.2630000e+000  6.3627570e+000
  1.2640000e+000 -1.9529930e+000
  1.2650000e+000 -7.6233292e+000
  1.2660000e+000 -8.2676317e+000
  1.2670000e+000 -8.1634941e+000
  1.2680000e+000 -7.0072800e+000
  1.2690000e+000 -2.0512493e+000
  1.2700000e+000  1.9935733e+000
  1.2710000e+000  1.3655472e+000
  1.2720000e+000 -8.9025162e-001
  1.2730000e+000 -1.6106023e+000
  1.2740000e+000  1.4684038e+000
  1.2750000e+000  9.1115519e+000
  1.2760000e+000  1.6807882e+001
  1.2770000e+000  2.1955666e+001
  1.2780000e+000  2.6470751e+001
  1.2790000e+000  3.0824480e+001
  1.2800000e+000  3.2114443e+001
  1.2810000e+000  2.9707638e+001
  1.2820000e+000  2.2998464e+001
  1.2830000e+000  1.1067884e+001
  1.2840000e+000 -2.2978220e+000
  1.2850000e+000 -8.5216847e+000
  1.2860000e+000 -5.4230308e+000
  1.2870000e+000  2.7257782e+000
  1.2880000e+000  1.1517110e+001
  1.2890000e+000  1.8712187e+001
  1.2900000e+000  2.3108529e+001
  1.2910000e+000  2.1720104e+001
  1.2920000e+000  1.3859285e+001
  1.2930000e+000  5.1672223e+000
  1.2940000e+000  1.8394491e+000
  1.2950000e+000  1.4771454e+000
  1.2960000e+000 -4.5178395e+000
  1.2970000e+000 -1.7067696e+001
  1.2980000e+000 -2.8168959e+001
  1.2990000e+000 -3.2936860e+001
  1.3000000e+000 -3.4566577e+001
  1.3010000e+000 -3.4194676e+001
  1.3020000e+000 -2.9590407e+001
  1.3030000e+000 -2.4943751e+001
  1.3040000e+000 -2.4170073e+001
  1.3050000e+000 -2.5557583e+001
  1.3060000e+000 -2.6545547e+001
  1.3070000e+000 -2.4843800e+001
  1.3080000e+000 -1.9120316e+001
  1.3090000e+000 -1.4852551e+001
  1.3100000e+000 -1.0173060e+001
  1.3110000e+000  2.8764353e+000
  1.3120000e+000  1.7549268e+001
  1.3130000e+000  2.5163628e+001
  1.3140000e+000  3.0748492e+001
  1.3150000e+000  3.2606536e+001
  1.3160000e+000  2.6773899e+001
  1.3170000e+000  2.3713660e+001
  1.3180000e+000  2.9480298e+001
  1.3190000e+000  3.5655978e+001
  1.3200000e+000  3.8350485e+001
  1.3210000e+000  3.6522739e+001
  1.3220000e+000  2.7551048e+001
  1.3230000e+000  1.4054189e+001
  1.3240000e+000  4.7966008e+000
  1.3250000e+000  4.2408104e+000
  1.3260000e+000  1.2848251e+001
  1.3270000e+000  2.4883369e+001
  1.3280000e+000  3.1970682e+001
  1.3290000e+000  3.3771614e+001
  1.3300000e+000  3.1645421e+001
  1.3310000e+000  2.7304517e+001
  1.3320000e+000  2.6867755e+001
  1.3330000e+000  3.0673226e+001
  1.3340000e+000  3.1405691e+001
  1.3350000e+000  2.7629412e+001
  1.3360000e+000  2.1735134e+001
  1.3370000e+000  1.3540735e+001
  1.3380000e+000  4.7902118e+000
  1.3390000e+000 -1.9037947e+000
  1.3400000e+000 -6.6143946e+000
  1.3410000e+000 -9.1891459e+000
  1.3420000e+000 -8.5080193e+000
  1.3430000e+000 -4.1405634e+000
  1.3440000e+000  3.7442290e+000
  1.3450000e+000  1.4706427e+001
  1.3460000e+000  2.5702871e+001
  1.3470000e+000  3.2854756e+001
  1.3480000e+000  3.7158258e+001
  1.3490000e+000  3.9427913e+001
  1.3500000e+000  3.4533844e+001
  1.3510000e+000  2.4902509e+001
  1.3520000e+000  1.7629356e+001
  1.3530000e+000  1.0033683e+001
  1.3540000e+000 -4.6245434e-001
  1.3550000e+000 -4.1060489e+000
  1.3560000e+000  1.1544405e+000
  1.3570000e+000  8.5964842e+000
  1.3580000e+000  1.7383231e+001
  1.3590000e+000  2.7569781e+001
  1.3600000e+000  3.3519323e+001
  1.3610000e+000  3.4604118e+001
  1.3620000e+000  3.4644832e+001
  1.3630000e+000  3.3113938e+001
  1.3640000e+000  2.7744614e+001
  1.3650000e+000  2.1303777e+001
  1.3660000e+000  1.8747596e+001
  1.3670000e+000  1.7971144e+001
  1.3680000e+000  1.5816478e+001
  1.3690000e+000  1.5776427e+001
  1.3700000e+000  2.0992031e+001
  1.3710000e+000  3.0415510e+001
  1.3720000e+000  4.1835180e+001
  1.3730000e+000  4.5818439e+001
  1.3740000e+000  3.8259116e+001
  1.3750000e+000  2.6571396e+001
  1.3760000e+000  1.3344457e+001
  1.3770000e+000  4.4378793e+000
  1.3780000e+000  7.4188015e+000
  1.3790000e+000  1.2518734e+001
  1.3800000e+000  1.1329037e+001
  1.3810000e+000  1.7000269e+001
  1.3820000e+000  3.1153541e+001
  1.3830000e+000  3.6492998e+001
  1.3840000e+000  2.8046206e+001
  1.3850000e+000  1.6305737e+001
  1.3860000e+000  7.0556476e+000
  1.3870000e+000 -2.8559141e+000
  1.3880000e+000 -7.3082437e+000
  1.3890000e+000  1.7799944e+000
  1.3900000e+000  1.6814512e+001
  1.3910000e+000  3.0203917e+001
  1.3920000e+000  4.8472581e+001
  1.3930000e+000  6.9191649e+001
  1.3940000e+000  7.9847136e+001
  1.3950000e+000  7.7680863e+001
  1.3960000e+000  6.4825207e+001
  1.3970000e+000  4.2855813e+001
  1.3980000e+000  2.1169918e+001
  1.3990000e+000  1.3218710e+001
  1.4000000e+000  1.8585421e+001
  1.4010000e+000  2.5606674e+001
  1.4020000e+000  3.0152811e+001
  1.4030000e+000  3.4722706e+001
  1.4040000e+000  3.7436703e+001
  1.4050000e+000  3.4729549e+001
  1.4060000e+000  2.7774065e+001
  1.4070000e+000  2.0095129e+001
  1.4080000e+000  1.4425446e+001
  1.4090000e+000  1.2079046e+001
  1.4100000e+000  1.4192909e+001
  1.4110000e+000  1.7932543e+001
  1.4120000e+000  2.1383973e+001
  1.4130000e+000  2.5988691e+001
  1.4140000e+000  2.6724571e+001
  1.4150000e+000  2.3890066e+001
  1.4160000e+000  2.4730911e+001
  1.4170000e+000  2.7481042e+001
  1.4180000e+000  3.1133456e+001
  1.4190000e+000  4.0453484e+001
  1.4200000e+000  5.1771589e+001
  1.4210000e+000  5.8969930e+001
  1.4220000e+000  6.2951397e+001
  1.4230000e+000  6.4262992e+001
  1.4240000e+000  6.2686224e+001
  1.4250000e+000  6.2852983e+001
  1.4260000e+000  6.6640998e+001
  1.4270000e+000  7.1436853e+001
  1.4280000e+000  7.7273441e+001
  1.4290000e+000  8.5241881e+001
  1.4300000e+000  9.0559659e+001
  1.4310000e+000  9.0814242e+001
  1.4320000e+000  8.8342692e+001
  1.4330000e+000  8.0164046e+001
  1.4340000e+000  6.6644220e+001
  1.4350000e+000  5.9732897e+001
  1.4360000e+000  6.0966196e+001
  1.4370000e+000  6.4341300e+001
  1.4380000e+000  7.1895410e+001
  1.4390000e+000  8.1213258e+001
  1.4400000e+000  8.3932083e+001
  1.4410000e+000  7.9379506e+001
  1.4420000e+000  7.5868631e+001
  1.4430000e+000  7.8072693e+001
  1.4440000e+000  8.1509199e+001
  1.4450000e+000  8.1899280e+001
  1.4460000e+000  8.2443139e+001
  1.4470000e+000  8.6563184e+001
  1.4480000e+000  9.4579130e+001
  1.4490000e+000  1.0297752e+002
  1.4500000e+000  9.9689903e+001
  1.4510000e+000  8.4251473e+001
  1.4520000e+000  7.7251030e+001
  1.4530000e+000  9.1431193e+001
  1.4540000e+000  1.0975801e+002
  1.4550000e+000  1.1309960e+002
  1.4560000e+000  1.0541878e+002
  1.4570000e+000  1.0042071e+002
  1.4580000e+000  1.0291278e+002
  1.4590000e+000  1.1016998e+002
  1.4600000e+000  1.1455279e+002
  1.4610000e+000  1.1426411e+002
  1.4620000e+000  1.1020534e+002
  1.4630000e+000  9.8891553e+001
  1.4640000e+000  8.7698551e+001
  1.4650000e+000  8.7616554e+001
  1.4660000e+000  9.4113400e+001
  1.4670000e+000  9.5349789e+001
  1.4680000e+000  9.7271875e+001
  1.4690000e+000  1.0322824e+002
  1.4700000e+000  1.0346956e+002
  1.4710000e+000  9.8334795e+001
  1.4720000e+000  9.4629768e+001
  1.4730000e+000  9.5980219e+001
  1.4740000e+000  9.8369327e+001
  1.4750000e+000  9.2768556e+001
  1.4760000e+000  8.4922679e+001
  1.4770000e+000  8.7292281e+001
  1.4780000e+000  9.4017587e+001
  1.4790000e+000  9.7182182e+001
  1.4800000e+000  1.0297503e+002
  1.4810000e+000  1.1107703e+002
  1.4820000e+000  1.1483053e+002
  1.4830000e+000  1.1811122e+002
  1.4840000e+000  1.2667567e+002
  1.4850000e+000  1.3008081e+002
  1.4860000e+000  1.1773995e+002
  1.4870000e+000  8.1723473e+001
  1.4880000e+000  1.0723589e+002
  1.4890000e+000  3.2927060e+002
  1.4900000e+000  5.8773058e+002
  1.4910000e+000  5.3217677e+002
  1.4920000e+000  2.4549557e+002
  1.4930000e+000  9.0318192e+001
  1.4940000e+000  9.3205329e+001
  1.4950000e+000  1.0809026e+002
  1.4960000e+000  1.1271448e+002
  1.4970000e+000  1.2460482e+002
  1.4980000e+000  1.2285659e+002
  1.4990000e+000  1.0188914e+002
  1.5000000e+000  8.4473682e+001
  1.5010000e+000  8.4389515e+001
  1.5020000e+000  8.8405734e+001
  1.5030000e+000  8.7510589e+001
  1.5040000e+000  8.5152030e+001
  1.5050000e+000  8.0207281e+001
  1.5060000e+000  7.1767640e+001
  1.5070000e+000  6.6763461e+001
  1.5080000e+000  6.5802253e+001
  1.5090000e+000  6.5650270e+001
  1.5100000e+000  6.4729861e+001
  1.5110000e+000  5.6817814e+001
  1.5120000e+000  4.2537828e+001
  1.5130000e+000  3.3925917e+001
  1.5140000e+000  3.7800883e+001
  1.5150000e+000  5.3474738e+001
  1.5160000e+000  7.6878473e+001
  1.5170000e+000  9.5430149e+001
  1.5180000e+000  1.0288588e+002
  1.5190000e+000  1.0187432e+002
  1.5200000e+000  8.9578123e+001
  1.5210000e+000  7.0920779e+001
  1.5220000e+000  6.2183842e+001
  1.5230000e+000  6.3980497e+001
  1.5240000e+000  6.5000507e+001
  1.5250000e+000  6.4203500e+001
  1.5260000e+000  6.6623693e+001
  1.5270000e+000  6.9506566e+001
  1.5280000e+000  7.0656983e+001
  1.5290000e+000  6.9194982e+001
  1.5300000e+000  5.6314460e+001
  1.5310000e+000  3.4117761e+001
  1.5320000e+000  2.3300433e+001
  1.5330000e+000  3.3193879e+001
  1.5340000e+000  4.7631367e+001
  1.5350000e+000  5.2646917e+001
  1.5360000e+000  4.9249498e+001
  1.5370000e+000  4.4340709e+001
  1.5380000e+000  4.3124891e+001
  1.5390000e+000  4.3330404e+001
  1.5400000e+000  4.3198690e+001
  1.5410000e+000  4.8046535e+001
  1.5420000e+000  5.3459763e+001
  1.5430000e+000  5.1915978e+001
  1.5440000e+000  4.7386114e+001
  1.5450000e+000  4.0132225e+001
  1.5460000e+000  2.4993125e+001
  1.5470000e+000  6.6844696e+000
  1.5480000e+000 -4.5489291e+000
  1.5490000e+000 -4.5594620e+000
  1.5500000e+000  4.1392973e+000
  1.5510000e+000  1.7071409e+001
  1.5520000e+000  2.7318649e+001
  1.5530000e+000  2.8570316e+001
  1.5540000e+000  2.4256558e+001
  1.5550000e+000  1.9226899e+001
  1.5560000e+000  1.4411964e+001
  1.5570000e+000  1.4665141e+001
  1.5580000e+000  2.0518853e+001
  1.5590000e+000  2.3775879e+001
  1.5600000e+000  2.1232922e+001
  1.5610000e+000  1.4141273e+001
  1.5620000e+000  3.0980684e+000
  1.5630000e+000 -4.6030420e+000
  1.5640000e+000 -3.9346475e+000
  1.5650000e+000  3.3902337e+000
  1.5660000e+000  1.8042511e+001
  1.5670000e+000  3.3803435e+001
  1.5680000e+000  3.8870595e+001
  1.5690000e+000  4.0172824e+001
  1.5700000e+000  4.4407191e+001
  1.5710000e+000  4.5566596e+001
  1.5720000e+000  4.6235608e+001
  1.5730000e+000  4.7412193e+001
  1.5740000e+000  4.7060609e+001
  1.5750000e+000  4.8776467e+001
  1.5760000e+000  5.2652314e+001
  1.5770000e+000  5.9087454e+001
  1.5780000e+000  6.3973215e+001
  1.5790000e+000  5.7341331e+001
  1.5800000e+000  4.0066028e+001
  1.5810000e+000  2.1320944e+001
  1.5820000e+000  7.5282689e+000
  1.5830000e+000  3.1993157e+000
  1.5840000e+000  5.1947005e+000
  1.5850000e+000  1.0343890e+001
  1.5860000e+000  1.5673891e+001
  1.5870000e+000  1.3112867e+001
  1.5880000e+000  5.2228661e+000
  1.5890000e+000 -3.3831556e+000
  1.5900000e+000 -1.3905166e+001
  1.5910000e+000 -1.9461366e+001
  1.5920000e+000 -1.6872508e+001
  1.5930000e+000 -1.1636441e+001
  1.5940000e+000 -5.1100488e+000
  1.5950000e+000 -3.0708905e-001
  1.5960000e+000 -5.8944727e-001
  1.5970000e+000 -6.9546463e+000
  1.5980000e+000 -1.5946919e+001
  1.5990000e+000 -1.9821810e+001
  1.6000000e+000 -1.4524458e+001
  1.6010000e+000 -1.3925247e+000
  1.6020000e+000  1.6039645e+001
  1.6030000e+000  3.1562973e+001
  1.6040000e+000  3.8316130e+001
  1.6050000e+000  3.5602403e+001
  1.6060000e+000  2.9795006e+001
  1.6070000e+000  2.2268885e+001
  1.6080000e+000  1.6269609e+001
  1.6090000e+000  2.0375841e+001
  1.6100000e+000  2.9699868e+001
  1.6110000e+000  3.5105943e+001
  1.6120000e+000  3.2224509e+001
  1.6130000e+000  1.8377800e+001
  1.6140000e+000 -2.6504746e+000
  1.6150000e+000 -2.2822386e+001
  1.6160000e+000 -3.3400725e+001
  1.6170000e+000 -3.1527237e+001
  1.6180000e+000 -2.4141818e+001
  1.6190000e+000 -1.8470081e+001
  1.6200000e+000 -1.4200869e+001
  1.6210000e+000 -1.0747184e+001
  1.6220000e+000 -1.5166928e+001
  1.6230000e+000 -2.9590001e+001
  1.6240000e+000 -4.3332911e+001
  1.6250000e+000 -5.2462060e+001
  1.6260000e+000 -5.3666699e+001
  1.6270000e+000 -4.0005199e+001
  1.6280000e+000 -2.0095028e+001
  1.6290000e+000 -2.2668742e+000
  1.6300000e+000  1.3304936e+001
  1.6310000e+000  2.0712257e+001
  1.6320000e+000  1.9939384e+001
  1.6330000e+000  2.0305603e+001
  1.6340000e+000  2.4016109e+001
  1.6350000e+000  2.7736276e+001
  1.6360000e+000  2.7147411e+001
  1.6370000e+000  2.0313899e+001
  1.6380000e+000  1.2958858e+001
  1.6390000e+000  5.3417503e+000
  1.6400000e+000 -4.1195027e+000
  1.6410000e+000 -1.1379883e+001
  1.6420000e+000 -1.0254224e+001
  1.6430000e+000  1.0850935e-001
  1.6440000e+000  1.4349784e+001
  1.6450000e+000  2.5359694e+001
  1.6460000e+000  2.6442153e+001
  1.6470000e+000  2.4914639e+001
  1.6480000e+000  2.9968754e+001
  1.6490000e+000  2.6731648e+001
  1.6500000e+000  3.0072534e+000
  1.6510000e+000 -2.3494761e+001
  1.6520000e+000 -2.7935105e+001
  1.6530000e+000 -1.2172766e+001
  1.6540000e+000  8.4725905e-001
  1.6550000e+000  6.4698848e+000
  1.6560000e+000  1.4092793e+001
  1.6570000e+000  1.9097519e+001
  1.6580000e+000  1.9180211e+001
  1.6590000e+000  1.6516407e+001
  1.6600000e+000  8.0646229e+000
  1.6610000e+000 -1.4483518e-001
  1.6620000e+000 -1.7031261e+000
  1.6630000e+000 -4.6067796e+000
  1.6640000e+000 -1.2988854e+001
  1.6650000e+000 -1.7594885e+001
  1.6660000e+000 -1.0603105e+001
  1.6670000e+000 -2.1250395e+000
  1.6680000e+000 -1.4041941e+000
  1.6690000e+000  2.0984371e+000
  1.6700000e+000  7.7035314e+000
  1.6710000e+000  4.2150970e+000
  1.6720000e+000  1.1011278e+000
  1.6730000e+000  8.2985588e+000
  1.6740000e+000  1.3749799e+001
  1.6750000e+000  1.2772059e+001
  1.6760000e+000  1.3222611e+001
  1.6770000e+000  1.5699741e+001
  1.6780000e+000  1.9123652e+001
  1.6790000e+000  2.1512092e+001
  1.6800000e+000  1.8027145e+001
  1.6810000e+000  1.2424993e+001
  1.6820000e+000  1.1412434e+001
  1.6830000e+000  1.3776983e+001
  1.6840000e+000  1.7856514e+001
  1.6850000e+000  2.4487070e+001
  1.6860000e+000  2.6035455e+001
  1.6870000e+000  1.5845831e+001
  1.6880000e+000  3.0357632e+000
  1.6890000e+000 -2.5978983e+000
  1.6900000e+000 -2.1197876e+000
  1.6910000e+000 -2.0177410e+000
  1.6920000e+000 -3.4247494e+000
  1.6930000e+000 -4.2570471e+000
  1.6940000e+000 -1.2814185e+000
  1.6950000e+000  8.4321851e+000
  1.6960000e+000  1.1497013e+001
  1.6970000e+000  2.0329224e+000
  1.6980000e+000 -4.3801330e+000
  1.6990000e+000 -1.4051958e+000
  1.7000000e+000  2.7121628e+000
  1.7010000e+000  2.1145887e+000
  1.7020000e+000 -2.6569168e+000
  1.7030000e+000 -5.9748838e+000
  1.7040000e+000 -7.8920240e+000
  1.7050000e+000 -1.1951702e+001
  1.7060000e+000 -1.0883290e+001
  1.7070000e+000 -3.7644750e+000
  1.7080000e+000  8.6104978e-001
  1.7090000e+000 -2.2420315e+000
  1.7100000e+000 -8.8647767e+000
  1.7110000e+000 -9.7576665e+000
  1.7120000e+000 -5.9626743e+000
  1.7130000e+000 -4.6704538e+000
  1.7140000e+000 -2.0909570e+000
  1.7150000e+000  2.7683084e+000
  1.7160000e+000 -6.9022539e-001
  1.7170000e+000 -1.0060517e+001
  1.7180000e+000 -1.6426580e+001
  1.7190000e+000 -2.1344674e+001
  1.7200000e+000 -2.6513900e+001
  1.7210000e+000 -2.8803321e+001
  1.7220000e+000 -2.5422325e+001
  1.7230000e+000 -1.6493724e+001
  1.7240000e+000 -4.9773983e+000
  1.7250000e+000 -8.4768394e-001
  1.7260000e+000 -1.0052558e+001
  1.7270000e+000 -1.8364970e+001
  1.7280000e+000 -1.2696037e+001
  1.7290000e+000  1.8310236e+000
  1.7300000e+000  1.7223106e+001
  1.7310000e+000  2.4782959e+001
  1.7320000e+000  2.1630242e+001
  1.7330000e+000  1.2961930e+001
  1.7340000e+000  1.2074643e+000
  1.7350000e+000 -5.6917262e+000
  1.7360000e+000 -6.6387206e+000
  1.7370000e+000 -7.9320790e+000
  1.7380000e+000 -2.9419289e+000
  1.7390000e+000  6.0601610e+000
  1.7400000e+000  8.2743567e+000
  1.7410000e+000  5.3376568e+000
  1.7420000e+000 -1.6398817e+000
  1.7430000e+000 -9.2463067e+000
  1.7440000e+000 -8.5685420e+000
  1.7450000e+000 -1.4638012e-001
  1.7460000e+000  5.6692552e+000
  1.7470000e+000  4.9430909e+000
  1.7480000e+000  2.5926295e+000
  1.7490000e+000  4.9293361e-001
  1.7500000e+000  1.7672275e+000
  1.7510000e+000  6.2202923e+000
  1.7520000e+000  5.1021191e+000
  1.7530000e+000 -2.8450282e+000
  1.7540000e+000 -1.0035990e+001
  1.7550000e+000 -1.6039141e+001
  1.7560000e+000 -1.7443729e+001
  1.7570000e+000 -1.0624130e+001
  1.7580000e+000 -4.4467182e+000
  1.7590000e+000 -1.7521616e+000
  1.7600000e+000  4.7482979e+000
  1.7610000e+000  1.5785915e+001
  1.7620000e+000  2.4336820e+001
  1.7630000e+000  2.3191814e+001
  1.7640000e+000  1.3906488e+001
  1.7650000e+000  7.3062376e+000
  1.7660000e+000  9.4847812e+000
  1.7670000e+000  1.2749239e+001
  1.7680000e+000  8.6134498e+000
  1.7690000e+000  7.8602554e-004
  1.7700000e+000 -5.3703768e+000
  1.7710000e+000 -4.3509597e+000
  1.7720000e+000  3.3176577e+000
  1.7730000e+000  1.2383996e+001
  1.7740000e+000  1.6096113e+001
  1.7750000e+000  1.3443241e+001
  1.7760000e+000  7.2956355e+000
  1.7770000e+000  4.2687406e+000
  1.7780000e+000  9.7457573e+000
  1.7790000e+000  2.8535143e+001
  1.7800000e+000  4.5951667e+001
  1.7810000e+000  4.1661987e+001
  1.7820000e+000  3.1834461e+001
  1.7830000e+000  2.6136118e+001
  1.7840000e+000  1.3160621e+001
  1.7850000e+000  1.5595025e+000
  1.7860000e+000  1.4564870e+000
  1.7870000e+000  1.7263865e+000
  1.7880000e+000 -6.6872934e+000
  1.7890000e+000 -1.6837997e+001
  1.7900000e+000 -1.7990609e+001
  1.7910000e+000 -6.3929397e+000
  1.7920000e+000  3.9414879e+000
  1.7930000e+000 -8.3806809e-001
  1.7940000e+000 -9.1356629e+000
  1.7950000e+000 -1.2576213e+001
  1.7960000e+000 -1.2879842e+001
  1.7970000e+000  1.0981960e+001
  1.7980000e+000  4.5893351e+001
  1.7990000e+000  4.0603395e+001
  1.8000000e+000  1.9172322e+001
