 -1.0000000e+000             NaN
 -9.9900000e-001             NaN
 -9.9800000e-001             NaN
 -9.9700000e-001             NaN
 -9.9600000e-001             NaN
 -9.9500000e-001             NaN
 -9.9400000e-001             NaN
 -9.9300000e-001             NaN
 -9.9200000e-001             NaN
 -9.9100000e-001             NaN
 -9.9000000e-001             NaN
 -9.8900000e-001             NaN
 -9.8800000e-001             NaN
 -9.8700000e-001             NaN
 -9.8600000e-001             NaN
 -9.8500000e-001             NaN
 -9.8400000e-001             NaN
 -9.8300000e-001             NaN
 -9.8200000e-001             NaN
 -9.8100000e-001             NaN
 -9.8000000e-001             NaN
 -9.7900000e-001             NaN
 -9.7800000e-001             NaN
 -9.7700000e-001             NaN
 -9.7600000e-001             NaN
 -9.7500000e-001             NaN
 -9.7400000e-001             NaN
 -9.7300000e-001             NaN
 -9.7200000e-001             NaN
 -9.7100000e-001             NaN
 -9.7000000e-001             NaN
 -9.6900000e-001             NaN
 -9.6800000e-001             NaN
 -9.6700000e-001             NaN
 -9.6600000e-001             NaN
 -9.6500000e-001             NaN
 -9.6400000e-001             NaN
 -9.6300000e-001             NaN
 -9.6200000e-001             NaN
 -9.6100000e-001             NaN
 -9.6000000e-001             NaN
 -9.5900000e-001             NaN
 -9.5800000e-001             NaN
 -9.5700000e-001             NaN
 -9.5600000e-001             NaN
 -9.5500000e-001             NaN
 -9.5400000e-001             NaN
 -9.5300000e-001             NaN
 -9.5200000e-001             NaN
 -9.5100000e-001             NaN
 -9.5000000e-001             NaN
 -9.4900000e-001             NaN
 -9.4800000e-001             NaN
 -9.4700000e-001             NaN
 -9.4600000e-001             NaN
 -9.4500000e-001             NaN
 -9.4400000e-001             NaN
 -9.4300000e-001             NaN
 -9.4200000e-001             NaN
 -9.4100000e-001             NaN
 -9.4000000e-001             NaN
 -9.3900000e-001             NaN
 -9.3800000e-001             NaN
 -9.3700000e-001             NaN
 -9.3600000e-001             NaN
 -9.3500000e-001             NaN
 -9.3400000e-001             NaN
 -9.3300000e-001             NaN
 -9.3200000e-001             NaN
 -9.3100000e-001             NaN
 -9.3000000e-001             NaN
 -9.2900000e-001             NaN
 -9.2800000e-001             NaN
 -9.2700000e-001             NaN
 -9.2600000e-001             NaN
 -9.2500000e-001             NaN
 -9.2400000e-001             NaN
 -9.2300000e-001             NaN
 -9.2200000e-001             NaN
 -9.2100000e-001             NaN
 -9.2000000e-001             NaN
 -9.1900000e-001             NaN
 -9.1800000e-001             NaN
 -9.1700000e-001             NaN
 -9.1600000e-001             NaN
 -9.1500000e-001             NaN
 -9.1400000e-001             NaN
 -9.1300000e-001             NaN
 -9.1200000e-001             NaN
 -9.1100000e-001             NaN
 -9.1000000e-001             NaN
 -9.0900000e-001             NaN
 -9.0800000e-001             NaN
 -9.0700000e-001             NaN
 -9.0600000e-001             NaN
 -9.0500000e-001             NaN
 -9.0400000e-001             NaN
 -9.0300000e-001             NaN
 -9.0200000e-001             NaN
 -9.0100000e-001             NaN
 -9.0000000e-001             NaN
 -8.9900000e-001             NaN
 -8.9800000e-001             NaN
 -8.9700000e-001             NaN
 -8.9600000e-001             NaN
 -8.9500000e-001             NaN
 -8.9400000e-001             NaN
 -8.9300000e-001             NaN
 -8.9200000e-001             NaN
 -8.9100000e-001             NaN
 -8.9000000e-001             NaN
 -8.8900000e-001             NaN
 -8.8800000e-001             NaN
 -8.8700000e-001             NaN
 -8.8600000e-001             NaN
 -8.8500000e-001             NaN
 -8.8400000e-001             NaN
 -8.8300000e-001             NaN
 -8.8200000e-001             NaN
 -8.8100000e-001             NaN
 -8.8000000e-001             NaN
 -8.7900000e-001             NaN
 -8.7800000e-001             NaN
 -8.7700000e-001             NaN
 -8.7600000e-001             NaN
 -8.7500000e-001             NaN
 -8.7400000e-001             NaN
 -8.7300000e-001             NaN
 -8.7200000e-001             NaN
 -8.7100000e-001             NaN
 -8.7000000e-001             NaN
 -8.6900000e-001             NaN
 -8.6800000e-001             NaN
 -8.6700000e-001             NaN
 -8.6600000e-001             NaN
 -8.6500000e-001             NaN
 -8.6400000e-001             NaN
 -8.6300000e-001             NaN
 -8.6200000e-001             NaN
 -8.6100000e-001             NaN
 -8.6000000e-001             NaN
 -8.5900000e-001             NaN
 -8.5800000e-001             NaN
 -8.5700000e-001             NaN
 -8.5600000e-001             NaN
 -8.5500000e-001             NaN
 -8.5400000e-001             NaN
 -8.5300000e-001             NaN
 -8.5200000e-001             NaN
 -8.5100000e-001             NaN
 -8.5000000e-001             NaN
 -8.4900000e-001             NaN
 -8.4800000e-001             NaN
 -8.4700000e-001             NaN
 -8.4600000e-001             NaN
 -8.4500000e-001             NaN
 -8.4400000e-001             NaN
 -8.4300000e-001             NaN
 -8.4200000e-001             NaN
 -8.4100000e-001             NaN
 -8.4000000e-001             NaN
 -8.3900000e-001             NaN
 -8.3800000e-001             NaN
 -8.3700000e-001             NaN
 -8.3600000e-001             NaN
 -8.3500000e-001             NaN
 -8.3400000e-001             NaN
 -8.3300000e-001             NaN
 -8.3200000e-001             NaN
 -8.3100000e-001             NaN
 -8.3000000e-001             NaN
 -8.2900000e-001             NaN
 -8.2800000e-001             NaN
 -8.2700000e-001             NaN
 -8.2600000e-001             NaN
 -8.2500000e-001             NaN
 -8.2400000e-001             NaN
 -8.2300000e-001             NaN
 -8.2200000e-001             NaN
 -8.2100000e-001             NaN
 -8.2000000e-001             NaN
 -8.1900000e-001             NaN
 -8.1800000e-001             NaN
 -8.1700000e-001             NaN
 -8.1600000e-001             NaN
 -8.1500000e-001             NaN
 -8.1400000e-001             NaN
 -8.1300000e-001             NaN
 -8.1200000e-001             NaN
 -8.1100000e-001             NaN
 -8.1000000e-001             NaN
 -8.0900000e-001             NaN
 -8.0800000e-001             NaN
 -8.0700000e-001             NaN
 -8.0600000e-001             NaN
 -8.0500000e-001             NaN
 -8.0400000e-001             NaN
 -8.0300000e-001             NaN
 -8.0200000e-001             NaN
 -8.0100000e-001             NaN
 -8.0000000e-001             NaN
 -7.9900000e-001             NaN
 -7.9800000e-001             NaN
 -7.9700000e-001             NaN
 -7.9600000e-001             NaN
 -7.9500000e-001             NaN
 -7.9400000e-001             NaN
 -7.9300000e-001             NaN
 -7.9200000e-001             NaN
 -7.9100000e-001             NaN
 -7.9000000e-001             NaN
 -7.8900000e-001             NaN
 -7.8800000e-001             NaN
 -7.8700000e-001             NaN
 -7.8600000e-001             NaN
 -7.8500000e-001             NaN
 -7.8400000e-001             NaN
 -7.8300000e-001             NaN
 -7.8200000e-001             NaN
 -7.8100000e-001             NaN
 -7.8000000e-001             NaN
 -7.7900000e-001             NaN
 -7.7800000e-001             NaN
 -7.7700000e-001             NaN
 -7.7600000e-001             NaN
 -7.7500000e-001             NaN
 -7.7400000e-001             NaN
 -7.7300000e-001             NaN
 -7.7200000e-001             NaN
 -7.7100000e-001             NaN
 -7.7000000e-001             NaN
 -7.6900000e-001             NaN
 -7.6800000e-001             NaN
 -7.6700000e-001             NaN
 -7.6600000e-001             NaN
 -7.6500000e-001             NaN
 -7.6400000e-001             NaN
 -7.6300000e-001             NaN
 -7.6200000e-001             NaN
 -7.6100000e-001             NaN
 -7.6000000e-001             NaN
 -7.5900000e-001             NaN
 -7.5800000e-001             NaN
 -7.5700000e-001             NaN
 -7.5600000e-001             NaN
 -7.5500000e-001             NaN
 -7.5400000e-001             NaN
 -7.5300000e-001             NaN
 -7.5200000e-001             NaN
 -7.5100000e-001             NaN
 -7.5000000e-001             NaN
 -7.4900000e-001             NaN
 -7.4800000e-001             NaN
 -7.4700000e-001             NaN
 -7.4600000e-001             NaN
 -7.4500000e-001             NaN
 -7.4400000e-001             NaN
 -7.4300000e-001             NaN
 -7.4200000e-001             NaN
 -7.4100000e-001             NaN
 -7.4000000e-001             NaN
 -7.3900000e-001             NaN
 -7.3800000e-001             NaN
 -7.3700000e-001             NaN
 -7.3600000e-001             NaN
 -7.3500000e-001             NaN
 -7.3400000e-001             NaN
 -7.3300000e-001             NaN
 -7.3200000e-001             NaN
 -7.3100000e-001             NaN
 -7.3000000e-001             NaN
 -7.2900000e-001             NaN
 -7.2800000e-001             NaN
 -7.2700000e-001             NaN
 -7.2600000e-001             NaN
 -7.2500000e-001             NaN
 -7.2400000e-001             NaN
 -7.2300000e-001  0.0000000e+000
 -7.2200000e-001  0.0000000e+000
 -7.2100000e-001  0.0000000e+000
 -7.2000000e-001  0.0000000e+000
 -7.1900000e-001  0.0000000e+000
 -7.1800000e-001  0.0000000e+000
 -7.1700000e-001  0.0000000e+000
 -7.1600000e-001  0.0000000e+000
 -7.1500000e-001  0.0000000e+000
 -7.1400000e-001  0.0000000e+000
 -7.1300000e-001  0.0000000e+000
 -7.1200000e-001  0.0000000e+000
 -7.1100000e-001  0.0000000e+000
 -7.1000000e-001  6.8082980e-007
 -7.0900000e-001  2.3688357e-002
 -7.0800000e-001  4.6235525e-002
 -7.0700000e-001 -1.7692498e-001
 -7.0600000e-001 -7.3387076e-001
 -7.0500000e-001 -1.5826117e+000
 -7.0400000e-001 -2.7992503e+000
 -7.0300000e-001 -3.9755690e+000
 -7.0200000e-001 -4.7769628e+000
 -7.0100000e-001 -5.5158930e+000
 -7.0000000e-001 -5.2390337e+000
 -6.9900000e-001 -4.5170936e+000
 -6.9800000e-001 -7.6063281e+000
 -6.9700000e-001 -1.3893941e+001
 -6.9600000e-001 -2.3984177e+001
 -6.9500000e-001 -4.2394223e+001
 -6.9400000e-001 -6.7186566e+001
 -6.9300000e-001 -1.0555392e+002
 -6.9200000e-001 -1.5130475e+002
 -6.9100000e-001 -1.8065863e+002
 -6.9000000e-001 -2.0275194e+002
 -6.8900000e-001 -2.2732480e+002
 -6.8800000e-001 -2.4692417e+002
 -6.8700000e-001 -2.6369823e+002
 -6.8600000e-001 -2.7574244e+002
 -6.8500000e-001 -2.7383182e+002
 -6.8400000e-001 -2.5326241e+002
 -6.8300000e-001 -2.2595606e+002
 -6.8200000e-001 -2.0605423e+002
 -6.8100000e-001 -1.8825975e+002
 -6.8000000e-001 -1.7436043e+002
 -6.7900000e-001 -1.6953236e+002
 -6.7800000e-001 -1.6080734e+002
 -6.7700000e-001 -1.4860316e+002
 -6.7600000e-001 -1.3863428e+002
 -6.7500000e-001 -1.1898895e+002
 -6.7400000e-001 -8.4182691e+001
 -6.7300000e-001 -5.2259723e+001
 -6.7200000e-001 -4.1913695e+001
 -6.7100000e-001 -4.1430345e+001
 -6.7000000e-001 -4.4330732e+001
 -6.6900000e-001 -5.6678886e+001
 -6.6800000e-001 -7.4767956e+001
 -6.6700000e-001 -9.3039555e+001
 -6.6600000e-001 -9.6948557e+001
 -6.6500000e-001 -8.7008207e+001
 -6.6400000e-001 -7.6985994e+001
 -6.6300000e-001 -6.8757667e+001
 -6.6200000e-001 -6.6872525e+001
 -6.6100000e-001 -6.3981549e+001
 -6.6000000e-001 -5.2831897e+001
 -6.5900000e-001 -4.3625203e+001
 -6.5800000e-001 -2.8662498e+001
 -6.5700000e-001  2.6538508e-001
 -6.5600000e-001  2.4172136e+001
 -6.5500000e-001  3.3715839e+001
 -6.5400000e-001  3.2735752e+001
 -6.5300000e-001  9.3620419e+000
 -6.5200000e-001 -2.9512595e+001
 -6.5100000e-001 -4.9607871e+001
 -6.5000000e-001 -4.2707743e+001
 -6.4900000e-001 -2.7115987e+001
 -6.4800000e-001 -1.8199697e+001
 -6.4700000e-001 -1.5406683e+001
 -6.4600000e-001 -1.1995353e+001
 -6.4500000e-001 -1.4313755e+001
 -6.4400000e-001 -2.2990901e+001
 -6.4300000e-001 -3.1332187e+001
 -6.4200000e-001 -2.7402274e+001
 -6.4100000e-001 -9.5840380e+000
 -6.4000000e-001  3.3273476e+000
 -6.3900000e-001  9.0885458e+000
 -6.3800000e-001  1.8921113e+001
 -6.3700000e-001  1.7696927e+001
 -6.3600000e-001 -3.3727688e+000
 -6.3500000e-001 -1.9421965e+001
 -6.3400000e-001 -2.8538025e+001
 -6.3300000e-001 -3.1616105e+001
 -6.3200000e-001 -1.8151402e+001
 -6.3100000e-001 -2.7673747e+000
 -6.3000000e-001  4.6749206e+000
 -6.2900000e-001  8.3534732e+000
 -6.2800000e-001 -2.2924274e-001
 -6.2700000e-001 -1.0527406e+001
 -6.2600000e-001 -9.5649893e+000
 -6.2500000e-001 -2.2402466e+001
 -6.2400000e-001 -4.5052910e+001
 -6.2300000e-001 -5.3969226e+001
 -6.2200000e-001 -5.7673313e+001
 -6.2100000e-001 -6.1496033e+001
 -6.2000000e-001 -6.1707369e+001
 -6.1900000e-001 -5.7515719e+001
 -6.1800000e-001 -4.9269597e+001
 -6.1700000e-001 -3.9340730e+001
 -6.1600000e-001 -3.0104166e+001
 -6.1500000e-001 -1.6077871e+001
 -6.1400000e-001 -8.4618697e-001
 -6.1300000e-001  4.1636780e+000
 -6.1200000e-001 -8.5449240e+000
 -6.1100000e-001 -3.0462473e+001
 -6.1000000e-001 -3.8496119e+001
 -6.0900000e-001 -4.2411761e+001
 -6.0800000e-001 -4.0679530e+001
 -6.0700000e-001 -2.4191394e+001
 -6.0600000e-001 -8.6904728e+000
 -6.0500000e-001  2.7089888e+000
 -6.0400000e-001  5.1963624e+000
 -6.0300000e-001 -5.7712974e-001
 -6.0200000e-001 -5.6771606e+000
 -6.0100000e-001 -6.8291557e+000
 -6.0000000e-001 -1.0271310e+000
 -5.9900000e-001  1.0276037e+001
 -5.9800000e-001  1.9647781e+001
 -5.9700000e-001  2.8544338e+001
 -5.9600000e-001  2.8783749e+001
 -5.9500000e-001  1.0667480e+001
 -5.9400000e-001 -9.7641039e-002
 -5.9300000e-001  8.6645784e+000
 -5.9200000e-001  1.4737925e+001
 -5.9100000e-001 -5.9777983e+000
 -5.9000000e-001 -3.9085057e+001
 -5.8900000e-001 -4.7270712e+001
 -5.8800000e-001 -3.5975601e+001
 -5.8700000e-001 -2.1315746e+001
 -5.8600000e-001 -6.2062568e+000
 -5.8500000e-001 -1.1136637e+000
 -5.8400000e-001 -9.0871785e+000
 -5.8300000e-001 -1.6962849e+001
 -5.8200000e-001 -1.3709584e+001
 -5.8100000e-001 -5.5041466e+000
 -5.8000000e-001  3.4587826e+000
 -5.7900000e-001  3.4325506e+000
 -5.7800000e-001 -2.9384626e+000
 -5.7700000e-001 -2.5117300e-001
 -5.7600000e-001  8.0127240e+000
 -5.7500000e-001  1.6896354e+001
 -5.7400000e-001  2.9752533e+001
 -5.7300000e-001  4.2614364e+001
 -5.7200000e-001  3.8398176e+001
 -5.7100000e-001  1.3385351e+001
 -5.7000000e-001 -1.5263274e+001
 -5.6900000e-001 -2.3651027e+001
 -5.6800000e-001 -2.1245265e+001
 -5.6700000e-001 -4.0686707e+001
 -5.6600000e-001 -5.9951800e+001
 -5.6500000e-001 -4.7618180e+001
 -5.6400000e-001 -3.0362582e+001
 -5.6300000e-001 -3.0014820e+001
 -5.6200000e-001 -2.0188210e+001
 -5.6100000e-001  1.0805997e+001
 -5.6000000e-001  3.5688918e+001
 -5.5900000e-001  3.6883231e+001
 -5.5800000e-001  2.7277245e+001
 -5.5700000e-001  3.1095392e+001
 -5.5600000e-001  4.0134577e+001
 -5.5500000e-001  2.9466570e+001
 -5.5400000e-001  1.5083628e+001
 -5.5300000e-001  1.4596035e+001
 -5.5200000e-001  2.2433628e+001
 -5.5100000e-001  2.9883942e+001
 -5.5000000e-001  1.9471322e+001
 -5.4900000e-001 -1.3028506e+000
 -5.4800000e-001 -1.9775836e+001
 -5.4700000e-001 -3.2575608e+001
 -5.4600000e-001 -3.2485928e+001
 -5.4500000e-001 -3.9686421e+001
 -5.4400000e-001 -3.3051621e+001
 -5.4300000e-001  8.6949348e-001
 -5.4200000e-001  5.3034662e-001
 -5.4100000e-001 -2.8417436e+001
 -5.4000000e-001 -3.5019734e+001
 -5.3900000e-001 -1.6853105e+001
 -5.3800000e-001 -4.3382869e+000
 -5.3700000e-001 -1.1198025e+001
 -5.3600000e-001 -4.3757198e+000
 -5.3500000e-001  6.5483825e+000
 -5.3400000e-001 -1.2594444e+000
 -5.3300000e-001  2.4100769e+000
 -5.3200000e-001  1.4154865e+001
 -5.3100000e-001  1.5931697e+001
 -5.3000000e-001  1.3152461e+001
 -5.2900000e-001  1.0289080e+001
 -5.2800000e-001  1.2507222e+001
 -5.2700000e-001  1.6519325e+001
 -5.2600000e-001  2.5991170e+001
 -5.2500000e-001  3.4868574e+001
 -5.2400000e-001  2.8192105e+001
 -5.2300000e-001  2.4977389e+001
 -5.2200000e-001  3.5140933e+001
 -5.2100000e-001  3.8550315e+001
 -5.2000000e-001  2.9649118e+001
 -5.1900000e-001  9.0789245e+000
 -5.1800000e-001 -9.3652464e+000
 -5.1700000e-001 -1.6674439e-001
 -5.1600000e-001  1.2280791e+001
 -5.1500000e-001  1.0609104e+001
 -5.1400000e-001  2.3528693e+001
 -5.1300000e-001  4.0503941e+001
 -5.1200000e-001  2.5641704e+001
 -5.1100000e-001  2.9107222e+000
 -5.1000000e-001 -2.5338248e+000
 -5.0900000e-001 -2.5659948e+000
 -5.0800000e-001  1.9182493e+001
 -5.0700000e-001  4.1104850e+001
 -5.0600000e-001  3.2196428e+001
 -5.0500000e-001  1.1327535e+001
 -5.0400000e-001  7.9858376e+000
 -5.0300000e-001  3.1161601e+001
 -5.0200000e-001  3.6774995e+001
 -5.0100000e-001  3.0846824e+001
 -5.0000000e-001  4.9936780e+001
 -4.9900000e-001  5.0735925e+001
 -4.9800000e-001  2.0559559e+001
 -4.9700000e-001  8.9490917e+000
 -4.9600000e-001  1.3980290e+001
 -4.9500000e-001  2.5953905e+001
 -4.9400000e-001  4.8387679e+001
 -4.9300000e-001  6.4184424e+001
 -4.9200000e-001  6.4394037e+001
 -4.9100000e-001  4.9199621e+001
 -4.9000000e-001  4.1055170e+001
 -4.8900000e-001  4.8754751e+001
 -4.8800000e-001  4.7913638e+001
 -4.8700000e-001  3.8249811e+001
 -4.8600000e-001  4.7960554e+001
 -4.8500000e-001  7.0511142e+001
 -4.8400000e-001  7.6087413e+001
 -4.8300000e-001  7.0569250e+001
 -4.8200000e-001  6.7945862e+001
 -4.8100000e-001  5.8834569e+001
 -4.8000000e-001  3.9572155e+001
 -4.7900000e-001  1.6436178e+001
 -4.7800000e-001  1.4955022e+001
 -4.7700000e-001  4.5176618e+001
 -4.7600000e-001  6.7096393e+001
 -4.7500000e-001  6.7940836e+001
 -4.7400000e-001  6.0232928e+001
 -4.7300000e-001  5.2171480e+001
 -4.7200000e-001  4.7637039e+001
 -4.7100000e-001  3.7756716e+001
 -4.7000000e-001  2.6833492e+001
 -4.6900000e-001  2.4517311e+001
 -4.6800000e-001  2.6292355e+001
 -4.6700000e-001  3.5040802e+001
 -4.6600000e-001  5.8811951e+001
 -4.6500000e-001  7.6057527e+001
 -4.6400000e-001  6.6358632e+001
 -4.6300000e-001  6.0656199e+001
 -4.6200000e-001  6.6235317e+001
 -4.6100000e-001  6.9301678e+001
 -4.6000000e-001  6.9034003e+001
 -4.5900000e-001  7.2155286e+001
 -4.5800000e-001  8.5511704e+001
 -4.5700000e-001  8.0503385e+001
 -4.5600000e-001  6.1202983e+001
 -4.5500000e-001  5.1703839e+001
 -4.5400000e-001  5.6954929e+001
 -4.5300000e-001  6.2433008e+001
 -4.5200000e-001  4.7410909e+001
 -4.5100000e-001  2.8238120e+001
 -4.5000000e-001  2.0064144e+001
 -4.4900000e-001  1.2100379e+001
 -4.4800000e-001  3.8039767e+000
 -4.4700000e-001  7.3345727e+000
 -4.4600000e-001  1.4198511e+001
 -4.4500000e-001  1.8762211e+001
 -4.4400000e-001  1.5322884e+001
 -4.4300000e-001  8.1321232e+000
 -4.4200000e-001  5.6065547e+000
 -4.4100000e-001  3.0630363e+000
 -4.4000000e-001  3.7389932e+000
 -4.3900000e-001  1.0395589e+001
 -4.3800000e-001  1.7211651e+001
 -4.3700000e-001  2.8305077e+001
 -4.3600000e-001  4.2588530e+001
 -4.3500000e-001  5.9254675e+001
 -4.3400000e-001  7.4464288e+001
 -4.3300000e-001  7.3280889e+001
 -4.3200000e-001  6.9241583e+001
 -4.3100000e-001  6.3460038e+001
 -4.3000000e-001  5.1930128e+001
 -4.2900000e-001  3.8288625e+001
 -4.2800000e-001  1.4669065e+001
 -4.2700000e-001  6.3039885e+000
 -4.2600000e-001  1.6642984e+001
 -4.2500000e-001  2.5824652e+001
 -4.2400000e-001  2.9254044e+001
 -4.2300000e-001  2.1216240e+001
 -4.2200000e-001  1.9454646e+001
 -4.2100000e-001  2.4568598e+001
 -4.2000000e-001  2.9284639e+001
 -4.1900000e-001  4.1709353e+001
 -4.1800000e-001  6.0632108e+001
 -4.1700000e-001  7.8789383e+001
 -4.1600000e-001  8.6303157e+001
 -4.1500000e-001  8.7036594e+001
 -4.1400000e-001  7.5716061e+001
 -4.1300000e-001  5.8515753e+001
 -4.1200000e-001  5.0904169e+001
 -4.1100000e-001  4.6007310e+001
 -4.1000000e-001  4.7152260e+001
 -4.0900000e-001  5.0343813e+001
 -4.0800000e-001  4.7620884e+001
 -4.0700000e-001  5.0393582e+001
 -4.0600000e-001  5.6000864e+001
 -4.0500000e-001  5.4862037e+001
 -4.0400000e-001  5.2853076e+001
 -4.0300000e-001  5.3302943e+001
 -4.0200000e-001  5.7488673e+001
 -4.0100000e-001  6.7974855e+001
 -4.0000000e-001  7.8637618e+001
 -3.9900000e-001  7.6774385e+001
 -3.9800000e-001  6.9184599e+001
 -3.9700000e-001  6.7847395e+001
 -3.9600000e-001  6.6451225e+001
 -3.9500000e-001  6.4490737e+001
 -3.9400000e-001  6.5114640e+001
 -3.9300000e-001  7.1152068e+001
 -3.9200000e-001  8.5074144e+001
 -3.9100000e-001  1.0072570e+002
 -3.9000000e-001  1.0662701e+002
 -3.8900000e-001  1.0733968e+002
 -3.8800000e-001  1.1132543e+002
 -3.8700000e-001  1.0780550e+002
 -3.8600000e-001  1.0195299e+002
 -3.8500000e-001  1.0354318e+002
 -3.8400000e-001  1.0331729e+002
 -3.8300000e-001  1.0208318e+002
 -3.8200000e-001  1.0714174e+002
 -3.8100000e-001  1.0921419e+002
 -3.8000000e-001  1.0552038e+002
 -3.7900000e-001  1.0505601e+002
 -3.7800000e-001  1.0642315e+002
 -3.7700000e-001  1.0646690e+002
 -3.7600000e-001  1.0207622e+002
 -3.7500000e-001  9.8503061e+001
 -3.7400000e-001  9.8021912e+001
 -3.7300000e-001  9.4521665e+001
 -3.7200000e-001  9.5404139e+001
 -3.7100000e-001  9.9191338e+001
 -3.7000000e-001  1.0346429e+002
 -3.6900000e-001  1.1043155e+002
 -3.6800000e-001  1.0999556e+002
 -3.6700000e-001  9.8463972e+001
 -3.6600000e-001  8.5563164e+001
 -3.6500000e-001  7.8499183e+001
 -3.6400000e-001  8.1170203e+001
 -3.6300000e-001  9.1918484e+001
 -3.6200000e-001  1.0140845e+002
 -3.6100000e-001  1.0362840e+002
 -3.6000000e-001  9.0044427e+001
 -3.5900000e-001  6.8785783e+001
 -3.5800000e-001  5.8630508e+001
 -3.5700000e-001  6.1878180e+001
 -3.5600000e-001  8.0103154e+001
 -3.5500000e-001  1.0758582e+002
 -3.5400000e-001  1.1731925e+002
 -3.5300000e-001  1.1032451e+002
 -3.5200000e-001  1.1002618e+002
 -3.5100000e-001  1.1406272e+002
 -3.5000000e-001  1.1250512e+002
 -3.4900000e-001  1.0533231e+002
 -3.4800000e-001  9.9189878e+001
 -3.4700000e-001  9.4007678e+001
 -3.4600000e-001  8.9138609e+001
 -3.4500000e-001  7.7721342e+001
 -3.4400000e-001  5.8897898e+001
 -3.4300000e-001  5.2624688e+001
 -3.4200000e-001  6.0588146e+001
 -3.4100000e-001  7.6251358e+001
 -3.4000000e-001  9.1081951e+001
 -3.3900000e-001  9.4630282e+001
 -3.3800000e-001  9.9475679e+001
 -3.3700000e-001  1.0657718e+002
 -3.3600000e-001  1.0554341e+002
 -3.3500000e-001  1.1569304e+002
 -3.3400000e-001  1.4261673e+002
 -3.3300000e-001  1.7078305e+002
 -3.3200000e-001  1.8486516e+002
 -3.3100000e-001  1.7848829e+002
 -3.3000000e-001  1.6981037e+002
 -3.2900000e-001  1.6900894e+002
 -3.2800000e-001  1.6308404e+002
 -3.2700000e-001  1.5175122e+002
 -3.2600000e-001  1.4521656e+002
 -3.2500000e-001  1.4235168e+002
 -3.2400000e-001  1.3787390e+002
 -3.2300000e-001  1.3814539e+002
 -3.2200000e-001  1.4177542e+002
 -3.2100000e-001  1.4474264e+002
 -3.2000000e-001  1.4902042e+002
 -3.1900000e-001  1.5387169e+002
 -3.1800000e-001  1.6519987e+002
 -3.1700000e-001  1.7893648e+002
 -3.1600000e-001  1.8202458e+002
 -3.1500000e-001  1.7392364e+002
 -3.1400000e-001  1.6471181e+002
 -3.1300000e-001  1.5258324e+002
 -3.1200000e-001  1.4049974e+002
 -3.1100000e-001  1.4159627e+002
 -3.1000000e-001  1.4936715e+002
 -3.0900000e-001  1.6703871e+002
 -3.0800000e-001  1.8447322e+002
 -3.0700000e-001  1.8695913e+002
 -3.0600000e-001  1.8772575e+002
 -3.0500000e-001  1.8071307e+002
 -3.0400000e-001  1.7426457e+002
 -3.0300000e-001  1.8654096e+002
 -3.0200000e-001  2.0134976e+002
 -3.0100000e-001  2.1396767e+002
 -3.0000000e-001  2.1973946e+002
 -2.9900000e-001  2.1079132e+002
 -2.9800000e-001  1.9480496e+002
 -2.9700000e-001  1.8195971e+002
 -2.9600000e-001  1.7139806e+002
 -2.9500000e-001  1.6583227e+002
 -2.9400000e-001  1.7312440e+002
 -2.9300000e-001  1.8239265e+002
 -2.9200000e-001  1.8894314e+002
 -2.9100000e-001  1.9214596e+002
 -2.9000000e-001  1.8278201e+002
 -2.8900000e-001  1.7537861e+002
 -2.8800000e-001  1.7820826e+002
 -2.8700000e-001  1.7179236e+002
 -2.8600000e-001  1.6469139e+002
 -2.8500000e-001  1.6497986e+002
 -2.8400000e-001  1.7053489e+002
 -2.8300000e-001  1.7602733e+002
 -2.8200000e-001  1.8231740e+002
 -2.8100000e-001  1.9392367e+002
 -2.8000000e-001  2.0330760e+002
 -2.7900000e-001  2.1318634e+002
 -2.7800000e-001  2.1245154e+002
 -2.7700000e-001  2.0776784e+002
 -2.7600000e-001  2.0600306e+002
 -2.7500000e-001  1.9825531e+002
 -2.7400000e-001  1.9277794e+002
 -2.7300000e-001  1.9835640e+002
 -2.7200000e-001  2.1502616e+002
 -2.7100000e-001  2.3013832e+002
 -2.7000000e-001  2.2824789e+002
 -2.6900000e-001  2.0348050e+002
 -2.6800000e-001  1.8193264e+002
 -2.6700000e-001  1.7459916e+002
 -2.6600000e-001  1.6896979e+002
 -2.6500000e-001  1.7592557e+002
 -2.6400000e-001  1.8977663e+002
 -2.6300000e-001  2.0193405e+002
 -2.6200000e-001  2.0503092e+002
 -2.6100000e-001  2.0263865e+002
 -2.6000000e-001  2.0347393e+002
 -2.5900000e-001  1.9574022e+002
 -2.5800000e-001  1.9591245e+002
 -2.5700000e-001  2.0150250e+002
 -2.5600000e-001  2.1048234e+002
 -2.5500000e-001  2.2586607e+002
 -2.5400000e-001  2.3281968e+002
 -2.5300000e-001  2.3355322e+002
 -2.5200000e-001  2.3080316e+002
 -2.5100000e-001  2.3669367e+002
 -2.5000000e-001  2.3817785e+002
 -2.4900000e-001  2.3049727e+002
 -2.4800000e-001  2.2866618e+002
 -2.4700000e-001  2.1229885e+002
 -2.4600000e-001  1.9022764e+002
 -2.4500000e-001  1.7554326e+002
 -2.4400000e-001  1.6411177e+002
 -2.4300000e-001  1.8123551e+002
 -2.4200000e-001  2.0622232e+002
 -2.4100000e-001  2.1180505e+002
 -2.4000000e-001  1.9840905e+002
 -2.3900000e-001  1.7459241e+002
 -2.3800000e-001  1.5989193e+002
 -2.3700000e-001  1.5745540e+002
 -2.3600000e-001  1.6987534e+002
 -2.3500000e-001  1.9088622e+002
 -2.3400000e-001  2.1992507e+002
 -2.3300000e-001  2.4193009e+002
 -2.3200000e-001  2.4314441e+002
 -2.3100000e-001  2.3332319e+002
 -2.3000000e-001  2.1795636e+002
 -2.2900000e-001  2.1201878e+002
 -2.2800000e-001  2.3265727e+002
 -2.2700000e-001  2.5772581e+002
 -2.2600000e-001  2.5646799e+002
 -2.2500000e-001  2.2804042e+002
 -2.2400000e-001  1.9348350e+002
 -2.2300000e-001  1.7874297e+002
 -2.2200000e-001  1.7410682e+002
 -2.2100000e-001  1.7842716e+002
 -2.2000000e-001  1.9046059e+002
 -2.1900000e-001  1.9451071e+002
 -2.1800000e-001  1.9439191e+002
 -2.1700000e-001  1.9615271e+002
 -2.1600000e-001  2.0099657e+002
 -2.1500000e-001  2.0920113e+002
 -2.1400000e-001  2.0784644e+002
 -2.1300000e-001  1.9512376e+002
 -2.1200000e-001  1.8244380e+002
 -2.1100000e-001  1.7039563e+002
 -2.1000000e-001  1.6849966e+002
 -2.0900000e-001  1.7464306e+002
 -2.0800000e-001  1.8280606e+002
 -2.0700000e-001  2.0183820e+002
 -2.0600000e-001  2.3170958e+002
 -2.0500000e-001  2.4157084e+002
 -2.0400000e-001  2.2084742e+002
 -2.0300000e-001  1.8736110e+002
 -2.0200000e-001  1.5441756e+002
 -2.0100000e-001  1.5039201e+002
 -2.0000000e-001  1.6557134e+002
 -1.9900000e-001  1.7387900e+002
 -1.9800000e-001  1.6961450e+002
 -1.9700000e-001  1.5453350e+002
 -1.9600000e-001  1.5432802e+002
 -1.9500000e-001  1.7387029e+002
 -1.9400000e-001  1.9974133e+002
 -1.9300000e-001  2.0880646e+002
 -1.9200000e-001  1.9329697e+002
 -1.9100000e-001  1.9033673e+002
 -1.9000000e-001  2.0214784e+002
 -1.8900000e-001  2.1386881e+002
 -1.8800000e-001  2.1733487e+002
 -1.8700000e-001  2.0809899e+002
 -1.8600000e-001  1.9948198e+002
 -1.8500000e-001  1.9599035e+002
 -1.8400000e-001  1.9847834e+002
 -1.8300000e-001  1.9491810e+002
 -1.8200000e-001  1.9136227e+002
 -1.8100000e-001  1.9577932e+002
 -1.8000000e-001  1.9800969e+002
 -1.7900000e-001  1.8918912e+002
 -1.7800000e-001  1.6897475e+002
 -1.7700000e-001  1.4495971e+002
 -1.7600000e-001  1.4082895e+002
 -1.7500000e-001  1.6236784e+002
 -1.7400000e-001  1.8516687e+002
 -1.7300000e-001  2.0350326e+002
 -1.7200000e-001  2.1025440e+002
 -1.7100000e-001  2.0699610e+002
 -1.7000000e-001  2.1214801e+002
 -1.6900000e-001  2.2223605e+002
 -1.6800000e-001  2.2118940e+002
 -1.6700000e-001  2.1979916e+002
 -1.6600000e-001  2.1342318e+002
 -1.6500000e-001  1.9764332e+002
 -1.6400000e-001  1.6972728e+002
 -1.6300000e-001  1.4124101e+002
 -1.6200000e-001  1.2990893e+002
 -1.6100000e-001  1.2086961e+002
 -1.6000000e-001  1.1404412e+002
 -1.5900000e-001  1.1389081e+002
 -1.5800000e-001  1.1113888e+002
 -1.5700000e-001  1.1741116e+002
 -1.5600000e-001  1.2896099e+002
 -1.5500000e-001  1.3784471e+002
 -1.5400000e-001  1.3855604e+002
 -1.5300000e-001  1.3873678e+002
 -1.5200000e-001  1.3744567e+002
 -1.5100000e-001  1.3765111e+002
 -1.5000000e-001  1.4458503e+002
 -1.4900000e-001  1.5016771e+002
 -1.4800000e-001  1.5955422e+002
 -1.4700000e-001  1.7219398e+002
 -1.4600000e-001  1.7823713e+002
 -1.4500000e-001  1.7377453e+002
 -1.4400000e-001  1.6750809e+002
 -1.4300000e-001  1.4994965e+002
 -1.4200000e-001  1.3087100e+002
 -1.4100000e-001  1.2403423e+002
 -1.4000000e-001  1.3455553e+002
 -1.3900000e-001  1.5307128e+002
 -1.3800000e-001  1.5866838e+002
 -1.3700000e-001  1.5770497e+002
 -1.3600000e-001  1.5724638e+002
 -1.3500000e-001  1.5907044e+002
 -1.3400000e-001  1.5050306e+002
 -1.3300000e-001  1.2880302e+002
 -1.3200000e-001  1.2191183e+002
 -1.3100000e-001  1.2138157e+002
 -1.3000000e-001  1.2352366e+002
 -1.2900000e-001  1.4104404e+002
 -1.2800000e-001  1.5506680e+002
 -1.2700000e-001  1.6308955e+002
 -1.2600000e-001  1.5206585e+002
 -1.2500000e-001  1.2708338e+002
 -1.2400000e-001  1.1566667e+002
 -1.2300000e-001  1.1826253e+002
 -1.2200000e-001  1.3919639e+002
 -1.2100000e-001  1.6580883e+002
 -1.2000000e-001  1.8103126e+002
 -1.1900000e-001  1.8092603e+002
 -1.1800000e-001  1.7143279e+002
 -1.1700000e-001  1.5528379e+002
 -1.1600000e-001  1.3797026e+002
 -1.1500000e-001  1.1944864e+002
 -1.1400000e-001  1.0114891e+002
 -1.1300000e-001  9.8147766e+001
 -1.1200000e-001  1.0554538e+002
 -1.1100000e-001  1.1209028e+002
 -1.1000000e-001  1.0880479e+002
 -1.0900000e-001  9.7164536e+001
 -1.0800000e-001  9.4036170e+001
 -1.0700000e-001  1.0335440e+002
 -1.0600000e-001  1.3325830e+002
 -1.0500000e-001  1.5976702e+002
 -1.0400000e-001  1.5867393e+002
 -1.0300000e-001  1.4683831e+002
 -1.0200000e-001  1.4034974e+002
 -1.0100000e-001  1.4017779e+002
 -1.0000000e-001  1.4648815e+002
 -9.9000000e-002  1.5865082e+002
 -9.8000000e-002  1.6658796e+002
 -9.7000000e-002  1.6767870e+002
 -9.6000000e-002  1.6028553e+002
 -9.5000000e-002  1.4931248e+002
 -9.4000000e-002  1.4323981e+002
 -9.3000000e-002  1.3190834e+002
 -9.2000000e-002  1.1217633e+002
 -9.1000000e-002  1.0299493e+002
 -9.0000000e-002  1.1771575e+002
 -8.9000000e-002  1.4456041e+002
 -8.8000000e-002  1.5716205e+002
 -8.7000000e-002  1.4190520e+002
 -8.6000000e-002  1.1806521e+002
 -8.5000000e-002  1.0257168e+002
 -8.4000000e-002  1.0482644e+002
 -8.3000000e-002  1.1263835e+002
 -8.2000000e-002  1.2219821e+002
 -8.1000000e-002  1.3042661e+002
 -8.0000000e-002  1.2601092e+002
 -7.9000000e-002  1.2648182e+002
 -7.8000000e-002  1.4462214e+002
 -7.7000000e-002  1.5972609e+002
 -7.6000000e-002  1.5766808e+002
 -7.5000000e-002  1.3855128e+002
 -7.4000000e-002  1.1171650e+002
 -7.3000000e-002  1.0301447e+002
 -7.2000000e-002  1.0230022e+002
 -7.1000000e-002  9.4878413e+001
 -7.0000000e-002  8.2629593e+001
 -6.9000000e-002  9.2143940e+001
 -6.8000000e-002  1.2594902e+002
 -6.7000000e-002  1.5314608e+002
 -6.6000000e-002  1.5922414e+002
 -6.5000000e-002  1.4897517e+002
 -6.4000000e-002  1.3901777e+002
 -6.3000000e-002  1.2463773e+002
 -6.2000000e-002  1.0409918e+002
 -6.1000000e-002  9.2828378e+001
 -6.0000000e-002  9.8442523e+001
 -5.9000000e-002  1.0992915e+002
 -5.8000000e-002  1.1793803e+002
 -5.7000000e-002  1.1383053e+002
 -5.6000000e-002  1.0018994e+002
 -5.5000000e-002  9.4869989e+001
 -5.4000000e-002  1.0367485e+002
 -5.3000000e-002  1.2073524e+002
 -5.2000000e-002  1.2704521e+002
 -5.1000000e-002  1.0888091e+002
 -5.0000000e-002  8.7849055e+001
 -4.9000000e-002  7.0144599e+001
 -4.8000000e-002  7.7253148e+001
 -4.7000000e-002  9.4653748e+001
 -4.6000000e-002  1.1103714e+002
 -4.5000000e-002  1.2199586e+002
 -4.4000000e-002  1.2030971e+002
 -4.3000000e-002  1.1613261e+002
 -4.2000000e-002  1.0997433e+002
 -4.1000000e-002  1.1940487e+002
 -4.0000000e-002  1.5771699e+002
 -3.9000000e-002  1.8537810e+002
 -3.8000000e-002  1.8334231e+002
 -3.7000000e-002  1.5611010e+002
 -3.6000000e-002  1.1940663e+002
 -3.5000000e-002  1.0505074e+002
 -3.4000000e-002  1.1436608e+002
 -3.3000000e-002  1.2773918e+002
 -3.2000000e-002  1.2593744e+002
 -3.1000000e-002  1.1948409e+002
 -3.0000000e-002  1.1314841e+002
 -2.9000000e-002  1.0502534e+002
 -2.8000000e-002  9.6090643e+001
 -2.7000000e-002  1.0220304e+002
 -2.6000000e-002  1.0834300e+002
 -2.5000000e-002  1.0928624e+002
 -2.4000000e-002  1.0088960e+002
 -2.3000000e-002  8.6979169e+001
 -2.2000000e-002  7.8547311e+001
 -2.1000000e-002  6.2352150e+001
 -2.0000000e-002  5.9694424e+001
 -1.9000000e-002  8.5847426e+001
 -1.8000000e-002  1.1435335e+002
 -1.7000000e-002  1.3642111e+002
 -1.6000000e-002  1.3588261e+002
 -1.5000000e-002  1.2908066e+002
 -1.4000000e-002  1.3085854e+002
 -1.3000000e-002  1.2592633e+002
 -1.2000000e-002  1.2385195e+002
 -1.1000000e-002  1.1253796e+002
 -1.0000000e-002  1.0187206e+002
 -9.0000000e-003  8.2340902e+001
 -8.0000000e-003  9.3283037e+001
 -7.0000000e-003  1.3121186e+002
 -6.0000000e-003  1.4414005e+002
 -5.0000000e-003  1.3636267e+002
 -4.0000000e-003  9.4314399e+001
 -3.0000000e-003  5.8029519e+001
 -2.0000000e-003  6.9234384e+001
 -1.0000000e-003  8.1439120e+001
  0.0000000e+000  8.8367662e+001
  1.0000000e-003  8.8424307e+001
  2.0000000e-003  7.6799358e+001
  3.0000000e-003  6.2599338e+001
  4.0000000e-003  6.5862143e+001
  5.0000000e-003  6.7554414e+001
  6.0000000e-003  6.0937776e+001
  7.0000000e-003  4.7317876e+001
  8.0000000e-003  4.1993001e+001
  9.0000000e-003  7.4839673e+001
  1.0000000e-002  1.1899878e+002
  1.1000000e-002  1.5275162e+002
  1.2000000e-002  1.4873690e+002
  1.3000000e-002  1.5144767e+002
  1.4000000e-002  1.3480597e+002
  1.5000000e-002  9.0712200e+001
  1.6000000e-002  7.8139048e+001
  1.7000000e-002  6.7935348e+001
  1.8000000e-002  1.6903931e+002
  1.9000000e-002  4.7139079e+002
  2.0000000e-002  1.1386401e+003
  2.1000000e-002  9.6676158e+002
  2.2000000e-002  1.4452049e+002
  2.3000000e-002  4.5911012e+001
  2.4000000e-002  1.1021688e+002
  2.5000000e-002  1.0429264e+002
  2.6000000e-002  8.9399754e+001
  2.7000000e-002  5.8543264e+001
  2.8000000e-002  4.2105638e+001
  2.9000000e-002  5.2676108e+001
  3.0000000e-002  6.0754432e+001
  3.1000000e-002  8.0133918e+001
  3.2000000e-002  1.0952030e+002
  3.3000000e-002  1.1902474e+002
  3.4000000e-002  1.0431919e+002
  3.5000000e-002  8.9476019e+001
  3.6000000e-002  9.4026340e+001
  3.7000000e-002  1.3536415e+002
  3.8000000e-002  1.4191421e+002
  3.9000000e-002  1.0048877e+002
  4.0000000e-002  6.6832353e+001
  4.1000000e-002  6.1594225e+001
  4.2000000e-002  7.2074343e+001
  4.3000000e-002  1.0298114e+002
  4.4000000e-002  1.2920656e+002
  4.5000000e-002  1.1581525e+002
  4.6000000e-002  1.0881916e+002
  4.7000000e-002  1.1577058e+002
  4.8000000e-002  1.1151058e+002
  4.9000000e-002  1.5250240e+002
  5.0000000e-002  1.8427537e+002
  5.1000000e-002  1.7526296e+002
  5.2000000e-002  1.8254867e+002
  5.3000000e-002  1.9037501e+002
  5.4000000e-002  1.7012562e+002
  5.5000000e-002  1.4673887e+002
  5.6000000e-002  1.5372068e+002
  5.7000000e-002  1.5499958e+002
  5.8000000e-002  1.3643218e+002
  5.9000000e-002  1.1658109e+002
  6.0000000e-002  1.1488071e+002
  6.1000000e-002  1.2686924e+002
  6.2000000e-002  1.0077078e+002
  6.3000000e-002  7.3011732e+001
  6.4000000e-002  7.2340277e+001
  6.5000000e-002  7.2234285e+001
  6.6000000e-002  7.3403441e+001
  6.7000000e-002  1.0228498e+002
  6.8000000e-002  1.3562069e+002
  6.9000000e-002  1.3236581e+002
  7.0000000e-002  9.1782640e+001
  7.1000000e-002  8.2291137e+001
  7.2000000e-002  9.7865195e+001
  7.3000000e-002  1.0337879e+002
  7.4000000e-002  1.4241352e+002
  7.5000000e-002  1.7613843e+002
  7.6000000e-002  1.6308547e+002
  7.7000000e-002  1.4020152e+002
  7.8000000e-002  1.3329636e+002
  7.9000000e-002  1.3013685e+002
  8.0000000e-002  1.3071455e+002
  8.1000000e-002  1.3732483e+002
  8.2000000e-002  1.7894295e+002
  8.3000000e-002  1.9731874e+002
  8.4000000e-002  1.6963738e+002
  8.5000000e-002  1.5174680e+002
  8.6000000e-002  1.6497891e+002
  8.7000000e-002  1.7288260e+002
  8.8000000e-002  1.5248232e+002
  8.9000000e-002  1.5465952e+002
  9.0000000e-002  1.7847426e+002
  9.1000000e-002  1.9382263e+002
  9.2000000e-002  2.0417079e+002
  9.3000000e-002  1.9170454e+002
  9.4000000e-002  1.5944527e+002
  9.5000000e-002  1.4561400e+002
  9.6000000e-002  1.5448609e+002
  9.7000000e-002  1.7573106e+002
  9.8000000e-002  1.7453773e+002
  9.9000000e-002  1.5120961e+002
  1.0000000e-001  1.3824779e+002
  1.0100000e-001  1.4950587e+002
  1.0200000e-001  1.6678964e+002
  1.0300000e-001  1.4915175e+002
  1.0400000e-001  9.8664304e+001
  1.0500000e-001  8.6593576e+001
  1.0600000e-001  1.0606117e+002
  1.0700000e-001  1.1503494e+002
  1.0800000e-001  1.2274257e+002
  1.0900000e-001  1.5714556e+002
  1.1000000e-001  1.9837656e+002
  1.1100000e-001  1.9396051e+002
  1.1200000e-001  1.7238046e+002
  1.1300000e-001  1.4198503e+002
  1.1400000e-001  1.3146240e+002
  1.1500000e-001  1.6468236e+002
  1.1600000e-001  1.7624363e+002
  1.1700000e-001  1.6645244e+002
  1.1800000e-001  1.4823011e+002
  1.1900000e-001  1.1031324e+002
  1.2000000e-001  8.6874554e+001
  1.2100000e-001  1.1026227e+002
  1.2200000e-001  1.0649372e+002
  1.2300000e-001  1.0197868e+002
  1.2400000e-001  1.1076852e+002
  1.2500000e-001  1.2121584e+002
  1.2600000e-001  1.5275773e+002
  1.2700000e-001  1.6360480e+002
  1.2800000e-001  1.7286020e+002
  1.2900000e-001  1.9419181e+002
  1.3000000e-001  2.0040684e+002
  1.3100000e-001  1.9393161e+002
  1.3200000e-001  2.0607913e+002
  1.3300000e-001  2.1370786e+002
  1.3400000e-001  1.7764490e+002
  1.3500000e-001  1.1775718e+002
  1.3600000e-001  8.5894139e+001
  1.3700000e-001  8.6369779e+001
  1.3800000e-001  1.1350848e+002
  1.3900000e-001  1.3220278e+002
  1.4000000e-001  1.4521091e+002
  1.4100000e-001  1.6270612e+002
  1.4200000e-001  1.5312981e+002
  1.4300000e-001  1.4064639e+002
  1.4400000e-001  1.3196961e+002
  1.4500000e-001  1.3415357e+002
  1.4600000e-001  1.4086423e+002
  1.4700000e-001  1.4747201e+002
  1.4800000e-001  1.4934160e+002
  1.4900000e-001  1.5948529e+002
  1.5000000e-001  1.7915753e+002
  1.5100000e-001  1.7571557e+002
  1.5200000e-001  1.5703975e+002
  1.5300000e-001  1.4101248e+002
  1.5400000e-001  1.4954686e+002
  1.5500000e-001  1.6533894e+002
  1.5600000e-001  1.5629718e+002
  1.5700000e-001  1.4861963e+002
  1.5800000e-001  1.4153515e+002
  1.5900000e-001  1.6806846e+002
  1.6000000e-001  2.0575082e+002
  1.6100000e-001  2.4101795e+002
  1.6200000e-001  2.5605815e+002
  1.6300000e-001  2.5114477e+002
  1.6400000e-001  2.3019376e+002
  1.6500000e-001  2.1434110e+002
  1.6600000e-001  2.1232716e+002
  1.6700000e-001  2.2991328e+002
  1.6800000e-001  2.4573650e+002
  1.6900000e-001  2.4878887e+002
  1.7000000e-001  2.2884892e+002
  1.7100000e-001  1.9604862e+002
  1.7200000e-001  1.6914131e+002
  1.7300000e-001  1.6231963e+002
  1.7400000e-001  1.7172989e+002
  1.7500000e-001  1.8495600e+002
  1.7600000e-001  1.8835588e+002
  1.7700000e-001  1.8753585e+002
  1.7800000e-001  1.8549367e+002
  1.7900000e-001  1.7957857e+002
  1.8000000e-001  1.6269464e+002
  1.8100000e-001  1.4477596e+002
  1.8200000e-001  1.4030436e+002
  1.8300000e-001  1.4393996e+002
  1.8400000e-001  1.5424577e+002
  1.8500000e-001  1.5769695e+002
  1.8600000e-001  1.5495628e+002
  1.8700000e-001  1.5087318e+002
  1.8800000e-001  1.5318570e+002
  1.8900000e-001  1.4067485e+002
  1.9000000e-001  1.3234685e+002
  1.9100000e-001  1.4172114e+002
  1.9200000e-001  1.4822685e+002
  1.9300000e-001  1.5662121e+002
  1.9400000e-001  1.5361220e+002
  1.9500000e-001  1.5779260e+002
  1.9600000e-001  1.6781072e+002
  1.9700000e-001  1.7212272e+002
  1.9800000e-001  1.7454702e+002
  1.9900000e-001  1.8745177e+002
  2.0000000e-001  2.1179615e+002
  2.0100000e-001  2.1319109e+002
  2.0200000e-001  1.9933830e+002
  2.0300000e-001  1.9023886e+002
  2.0400000e-001  1.8299565e+002
  2.0500000e-001  1.8114125e+002
  2.0600000e-001  2.0055099e+002
  2.0700000e-001  2.1602997e+002
  2.0800000e-001  2.3021732e+002
  2.0900000e-001  2.0628494e+002
  2.1000000e-001  1.8383242e+002
  2.1100000e-001  1.8829644e+002
  2.1200000e-001  1.8835199e+002
  2.1300000e-001  1.9913843e+002
  2.1400000e-001  2.1767026e+002
  2.1500000e-001  2.0608022e+002
  2.1600000e-001  1.8041882e+002
  2.1700000e-001  1.5702145e+002
  2.1800000e-001  1.4906508e+002
  2.1900000e-001  1.6539249e+002
  2.2000000e-001  1.8115603e+002
  2.2100000e-001  1.6731763e+002
  2.2200000e-001  1.6376022e+002
  2.2300000e-001  1.6914984e+002
  2.2400000e-001  1.6935512e+002
  2.2500000e-001  1.8811895e+002
  2.2600000e-001  1.9634717e+002
  2.2700000e-001  1.9038859e+002
  2.2800000e-001  2.1237792e+002
  2.2900000e-001  2.2852462e+002
  2.3000000e-001  2.2723538e+002
  2.3100000e-001  2.3464196e+002
  2.3200000e-001  2.6133202e+002
  2.3300000e-001  2.5102074e+002
  2.3400000e-001  2.4022393e+002
  2.3500000e-001  2.2202934e+002
  2.3600000e-001  1.9039232e+002
  2.3700000e-001  1.6132537e+002
  2.3800000e-001  1.3239068e+002
  2.3900000e-001  1.5905352e+002
  2.4000000e-001  1.8825376e+002
  2.4100000e-001  1.7595438e+002
  2.4200000e-001  1.8399282e+002
  2.4300000e-001  1.9458242e+002
  2.4400000e-001  1.9788131e+002
  2.4500000e-001  1.6973193e+002
  2.4600000e-001  1.1705254e+002
  2.4700000e-001  1.3066025e+002
  2.4800000e-001  1.6195000e+002
  2.4900000e-001  1.9489980e+002
  2.5000000e-001  2.1668015e+002
  2.5100000e-001  2.1558330e+002
  2.5200000e-001  2.0013837e+002
  2.5300000e-001  1.9332542e+002
  2.5400000e-001  2.1459976e+002
  2.5500000e-001  2.4292135e+002
  2.5600000e-001  2.7909218e+002
  2.5700000e-001  2.6765559e+002
  2.5800000e-001  2.3661597e+002
  2.5900000e-001  2.0868747e+002
  2.6000000e-001  1.7987628e+002
  2.6100000e-001  1.6995330e+002
  2.6200000e-001  1.7698755e+002
  2.6300000e-001  1.9766160e+002
  2.6400000e-001  1.9272637e+002
  2.6500000e-001  1.6044484e+002
  2.6600000e-001  1.6057293e+002
  2.6700000e-001  1.8920711e+002
  2.6800000e-001  1.8830790e+002
  2.6900000e-001  1.6508043e+002
  2.7000000e-001  1.6487242e+002
  2.7100000e-001  1.6534397e+002
  2.7200000e-001  1.7439253e+002
  2.7300000e-001  1.7909594e+002
  2.7400000e-001  1.7702810e+002
  2.7500000e-001  1.8789645e+002
  2.7600000e-001  1.9822500e+002
  2.7700000e-001  1.9477689e+002
  2.7800000e-001  1.7669326e+002
  2.7900000e-001  1.7927899e+002
  2.8000000e-001  1.7854547e+002
  2.8100000e-001  1.6490366e+002
  2.8200000e-001  1.4952832e+002
  2.8300000e-001  1.4488444e+002
  2.8400000e-001  1.8180115e+002
  2.8500000e-001  2.1097336e+002
  2.8600000e-001  2.0533665e+002
  2.8700000e-001  1.7833684e+002
  2.8800000e-001  1.7145910e+002
  2.8900000e-001  1.8108479e+002
  2.9000000e-001  1.8127967e+002
  2.9100000e-001  1.7857635e+002
  2.9200000e-001  1.6817540e+002
  2.9300000e-001  1.5922902e+002
  2.9400000e-001  1.5075178e+002
  2.9500000e-001  1.4962566e+002
  2.9600000e-001  1.7146512e+002
  2.9700000e-001  2.0115833e+002
  2.9800000e-001  2.0932126e+002
  2.9900000e-001  2.0643052e+002
  3.0000000e-001  1.9764486e+002
  3.0100000e-001  2.0285112e+002
  3.0200000e-001  2.1352649e+002
  3.0300000e-001  2.0409936e+002
  3.0400000e-001  1.8795976e+002
  3.0500000e-001  1.7456990e+002
  3.0600000e-001  1.6619802e+002
  3.0700000e-001  1.6313769e+002
  3.0800000e-001  1.7614287e+002
  3.0900000e-001  1.9778090e+002
  3.1000000e-001  2.1002078e+002
  3.1100000e-001  2.1352178e+002
  3.1200000e-001  2.0448442e+002
  3.1300000e-001  1.8548394e+002
  3.1400000e-001  1.5421524e+002
  3.1500000e-001  1.2930350e+002
  3.1600000e-001  1.2221884e+002
  3.1700000e-001  1.4128786e+002
  3.1800000e-001  1.6191971e+002
  3.1900000e-001  1.4697946e+002
  3.2000000e-001  9.7872537e+001
  3.2100000e-001  6.6359629e+001
  3.2200000e-001  7.0359478e+001
  3.2300000e-001  8.9933485e+001
  3.2400000e-001  1.1150647e+002
  3.2500000e-001  1.2651372e+002
  3.2600000e-001  1.3108082e+002
  3.2700000e-001  1.3415204e+002
  3.2800000e-001  1.1869425e+002
  3.2900000e-001  1.2637128e+002
  3.3000000e-001  1.5653591e+002
  3.3100000e-001  1.5881090e+002
  3.3200000e-001  1.4492020e+002
  3.3300000e-001  1.4449296e+002
  3.3400000e-001  1.5649890e+002
  3.3500000e-001  1.8928316e+002
  3.3600000e-001  2.1352682e+002
  3.3700000e-001  1.9969572e+002
  3.3800000e-001  1.6705327e+002
  3.3900000e-001  1.6059056e+002
  3.4000000e-001  1.7381911e+002
  3.4100000e-001  1.7258075e+002
  3.4200000e-001  1.4275082e+002
  3.4300000e-001  1.1905352e+002
  3.4400000e-001  1.0192195e+002
  3.4500000e-001  9.6505588e+001
  3.4600000e-001  8.3858578e+001
  3.4700000e-001  6.4932167e+001
  3.4800000e-001  6.5052878e+001
  3.4900000e-001  7.9605756e+001
  3.5000000e-001  7.5637169e+001
  3.5100000e-001  8.5561621e+001
  3.5200000e-001  1.2777318e+002
  3.5300000e-001  1.5194968e+002
  3.5400000e-001  1.6634574e+002
  3.5500000e-001  1.4197739e+002
  3.5600000e-001  1.3550320e+002
  3.5700000e-001  1.5287380e+002
  3.5800000e-001  1.4837400e+002
  3.5900000e-001  1.1706568e+002
  3.6000000e-001  1.1129291e+002
  3.6100000e-001  1.1088786e+002
  3.6200000e-001  9.3654009e+001
  3.6300000e-001  9.6287971e+001
  3.6400000e-001  1.0638862e+002
  3.6500000e-001  7.5948721e+001
  3.6600000e-001  6.5507545e+001
  3.6700000e-001  7.4052081e+001
  3.6800000e-001  1.2428244e+002
  3.6900000e-001  1.5084640e+002
  3.7000000e-001  1.2678158e+002
  3.7100000e-001  1.1773611e+002
  3.7200000e-001  1.0442884e+002
  3.7300000e-001  1.1479356e+002
  3.7400000e-001  1.4481533e+002
  3.7500000e-001  1.6378179e+002
  3.7600000e-001  1.7369102e+002
  3.7700000e-001  1.7284324e+002
  3.7800000e-001  1.4518435e+002
  3.7900000e-001  1.4954441e+002
  3.8000000e-001  1.1647803e+002
  3.8100000e-001  9.8605371e+001
  3.8200000e-001  1.1253496e+002
  3.8300000e-001  9.6691636e+001
  3.8400000e-001  9.9221348e+001
  3.8500000e-001  8.2913978e+001
  3.8600000e-001  7.4325703e+001
  3.8700000e-001  9.0904773e+001
  3.8800000e-001  1.0514947e+002
  3.8900000e-001  9.3919711e+001
  3.9000000e-001  6.6351420e+001
  3.9100000e-001  3.6565914e+001
  3.9200000e-001  4.8628859e+001
  3.9300000e-001  7.3873015e+001
  3.9400000e-001  9.0883379e+001
  3.9500000e-001  1.0992997e+002
  3.9600000e-001  1.3368812e+002
  3.9700000e-001  1.2647639e+002
  3.9800000e-001  1.0557951e+002
  3.9900000e-001  1.0625491e+002
  4.0000000e-001  9.4765810e+001
  4.0100000e-001  7.7342185e+001
  4.0200000e-001  6.5138466e+001
  4.0300000e-001  7.2020924e+001
  4.0400000e-001  8.2589358e+001
  4.0500000e-001  7.8441492e+001
  4.0600000e-001  6.8119211e+001
  4.0700000e-001  7.4706638e+001
  4.0800000e-001  9.9447476e+001
  4.0900000e-001  1.0264004e+002
  4.1000000e-001  6.6247850e+001
  4.1100000e-001  4.5759341e+001
  4.1200000e-001  6.6028178e+001
  4.1300000e-001  9.5286010e+001
  4.1400000e-001  1.1863644e+002
  4.1500000e-001  1.0907039e+002
  4.1600000e-001  9.2651745e+001
  4.1700000e-001  7.3652057e+001
  4.1800000e-001  5.9077714e+001
  4.1900000e-001  5.4609783e+001
  4.2000000e-001  7.0552348e+001
  4.2100000e-001  8.4051494e+001
  4.2200000e-001  6.9238668e+001
  4.2300000e-001  6.9483249e+001
  4.2400000e-001  8.9314047e+001
  4.2500000e-001  9.0898368e+001
  4.2600000e-001  7.1794834e+001
  4.2700000e-001  7.5027251e+001
  4.2800000e-001  8.9721274e+001
  4.2900000e-001  8.1260453e+001
  4.3000000e-001  5.6541580e+001
  4.3100000e-001  3.5755227e+001
  4.3200000e-001  3.2187460e+001
  4.3300000e-001  3.7104849e+001
  4.3400000e-001  4.9623584e+001
  4.3500000e-001  7.4037554e+001
  4.3600000e-001  8.1693984e+001
  4.3700000e-001  6.2943877e+001
  4.3800000e-001  4.3196065e+001
  4.3900000e-001  4.4119286e+001
  4.4000000e-001  7.5449991e+001
  4.4100000e-001  9.5845455e+001
  4.4200000e-001  8.0953696e+001
  4.4300000e-001  4.9379426e+001
  4.4400000e-001  6.2515040e+001
  4.4500000e-001  1.1189120e+002
  4.4600000e-001  1.4771604e+002
  4.4700000e-001  1.5441331e+002
  4.4800000e-001  1.3573327e+002
  4.4900000e-001  1.0496486e+002
  4.5000000e-001  6.2919982e+001
  4.5100000e-001  5.3444438e+001
  4.5200000e-001  2.0582171e+001
  4.5300000e-001 -6.4806178e+000
  4.5400000e-001  2.4676797e+001
  4.5500000e-001  7.9451768e+000
  4.5600000e-001 -3.2733874e+001
  4.5700000e-001  2.9414448e+000
  4.5800000e-001  2.7764977e+001
  4.5900000e-001  4.4285276e+001
  4.6000000e-001  7.0904885e+001
  4.6100000e-001  6.4087028e+001
  4.6200000e-001  2.9047432e+001
  4.6300000e-001  3.1467363e+001
  4.6400000e-001  5.5173973e+001
  4.6500000e-001  8.4865834e+001
  4.6600000e-001  9.7563787e+001
  4.6700000e-001  3.1239833e+001
  4.6800000e-001  3.2174991e+001
  4.6900000e-001  7.0648143e+001
  4.7000000e-001  5.4246242e+001
  4.7100000e-001  7.0785002e+001
  4.7200000e-001  1.0011425e+002
  4.7300000e-001  5.7261651e+001
  4.7400000e-001  6.4380623e+001
  4.7500000e-001  5.7287845e+001
  4.7600000e-001  1.5731751e+001
  4.7700000e-001  5.3309060e+000
  4.7800000e-001  3.1398036e+001
  4.7900000e-001  4.1260536e+001
  4.8000000e-001  5.3911680e+001
  4.8100000e-001  8.1720606e+001
  4.8200000e-001  8.8108633e+001
  4.8300000e-001  6.6329087e+001
  4.8400000e-001  3.0914958e+001
  4.8500000e-001  4.5921601e+001
  4.8600000e-001  4.9900186e+001
  4.8700000e-001  5.4530067e+001
  4.8800000e-001  6.6069671e+001
  4.8900000e-001  6.1523633e+001
  4.9000000e-001  5.5806407e+001
  4.9100000e-001  4.9386399e+001
  4.9200000e-001  3.0522712e+001
  4.9300000e-001  2.1272764e+001
  4.9400000e-001  5.7598278e+001
  4.9500000e-001  7.9575266e+001
  4.9600000e-001  7.3056644e+001
  4.9700000e-001  7.1026668e+001
  4.9800000e-001  5.3522392e+001
  4.9900000e-001  2.9413617e+001
  5.0000000e-001  2.1801368e+001
  5.0100000e-001  1.6527632e+001
  5.0200000e-001  2.6564762e+001
  5.0300000e-001  4.5515652e+001
  5.0400000e-001  5.3470057e+001
  5.0500000e-001  3.5400113e+001
  5.0600000e-001  2.7885472e+001
  5.0700000e-001  3.7339710e+001
  5.0800000e-001  4.8958667e+001
  5.0900000e-001  4.5955072e+001
  5.1000000e-001  4.5349783e+001
  5.1100000e-001  6.5889603e+001
  5.1200000e-001  9.6377793e+001
  5.1300000e-001  1.0223052e+002
  5.1400000e-001  7.8773737e+001
  5.1500000e-001  3.4171475e+001
  5.1600000e-001 -2.2466393e+000
  5.1700000e-001 -1.3132920e+001
  5.1800000e-001 -5.8380260e+000
  5.1900000e-001 -4.2671502e+000
  5.2000000e-001 -5.8842318e+000
  5.2100000e-001 -9.2354907e-001
  5.2200000e-001  9.8886900e+000
  5.2300000e-001  1.3738037e+001
  5.2400000e-001  4.8926128e+000
  5.2500000e-001 -8.6397973e+000
  5.2600000e-001 -1.0204149e+001
  5.2700000e-001  5.1848448e+000
  5.2800000e-001  2.8207837e+001
  5.2900000e-001  5.3667614e+001
  5.3000000e-001  6.0199568e+001
  5.3100000e-001  4.5627857e+001
  5.3200000e-001  4.4446743e+001
  5.3300000e-001  4.2719089e+001
  5.3400000e-001  5.1869140e+001
  5.3500000e-001  7.0549227e+001
  5.3600000e-001  8.6900409e+001
  5.3700000e-001  7.5818786e+001
  5.3800000e-001  5.0881832e+001
  5.3900000e-001  2.7188673e+001
  5.4000000e-001  3.1656622e+001
  5.4100000e-001  4.9050873e+001
  5.4200000e-001  6.5858846e+001
  5.4300000e-001  5.7123547e+001
  5.4400000e-001  2.4887761e+001
  5.4500000e-001  4.6123775e+001
  5.4600000e-001  4.0887986e+001
  5.4700000e-001  3.6902803e+001
  5.4800000e-001  4.1224753e+001
  5.4900000e-001  5.8202873e+001
  5.5000000e-001  4.0221022e+001
  5.5100000e-001  1.6260877e+001
  5.5200000e-001  2.3544703e+001
  5.5300000e-001  2.8859976e+001
  5.5400000e-001  4.0071739e+001
  5.5500000e-001  4.7712467e+001
  5.5600000e-001  4.5304487e+001
  5.5700000e-001  2.7216957e+001
  5.5800000e-001  3.5975136e+001
  5.5900000e-001  5.9827984e+001
  5.6000000e-001  9.1045395e+001
  5.6100000e-001  6.9027396e+001
  5.6200000e-001  2.0286748e+001
  5.6300000e-001  1.9947547e+001
  5.6400000e-001  2.4023558e+001
  5.6500000e-001  3.1931566e+001
  5.6600000e-001  3.6795145e+001
  5.6700000e-001  4.5236733e+001
  5.6800000e-001  3.8145708e+001
  5.6900000e-001  7.7546034e+000
  5.7000000e-001 -3.2543175e+001
  5.7100000e-001 -2.8392770e+001
  5.7200000e-001  1.5790931e+000
  5.7300000e-001  3.6203245e+001
  5.7400000e-001  4.1848404e+001
  5.7500000e-001  2.1860137e+001
  5.7600000e-001  2.5695272e+001
  5.7700000e-001  3.1371059e+001
  5.7800000e-001  3.4380582e+001
  5.7900000e-001  3.3598701e+001
  5.8000000e-001  3.6997277e+000
  5.8100000e-001  1.9580519e+000
  5.8200000e-001  1.3871884e+001
  5.8300000e-001  3.5969628e+001
  5.8400000e-001  4.7359904e+001
  5.8500000e-001  5.7576638e+001
  5.8600000e-001  9.3601469e+001
  5.8700000e-001  9.2784897e+001
  5.8800000e-001  5.8258958e+001
  5.8900000e-001  4.3328255e+001
  5.9000000e-001  3.3826722e+001
  5.9100000e-001  1.8639593e+001
  5.9200000e-001  2.7344995e+001
  5.9300000e-001  2.9008072e+001
  5.9400000e-001  5.6643439e+000
  5.9500000e-001 -8.2271194e+000
  5.9600000e-001 -9.0970079e+000
  5.9700000e-001  3.5276828e+000
  5.9800000e-001  9.4112139e+000
  5.9900000e-001 -7.0837758e+000
  6.0000000e-001 -2.9416856e+001
  6.0100000e-001 -2.1916906e+001
  6.0200000e-001  8.3721583e-001
  6.0300000e-001  1.4283813e+001
  6.0400000e-001  1.2600354e+001
  6.0500000e-001  6.9804634e-001
  6.0600000e-001 -1.6392930e+001
  6.0700000e-001 -1.8326650e+001
  6.0800000e-001  1.2962833e+001
  6.0900000e-001  4.8842010e+001
  6.1000000e-001  6.4178185e+001
  6.1100000e-001  4.8217622e+001
  6.1200000e-001  5.9834400e+000
  6.1300000e-001 -1.0005687e+001
  6.1400000e-001  3.7947920e+000
  6.1500000e-001  6.3743646e+000
  6.1600000e-001  5.1156816e+000
  6.1700000e-001 -4.7629198e+000
  6.1800000e-001  2.0353867e+001
  6.1900000e-001  5.1625935e+001
  6.2000000e-001  4.6126939e+001
  6.2100000e-001  2.4674586e+001
  6.2200000e-001  9.1448073e+000
  6.2300000e-001  1.4555574e+001
  6.2400000e-001  5.0014629e+001
  6.2500000e-001  5.9122641e+001
  6.2600000e-001  5.6449496e+001
  6.2700000e-001  3.3412081e+001
  6.2800000e-001  1.9573908e+001
  6.2900000e-001  2.3853681e+001
  6.3000000e-001  2.8149522e+001
  6.3100000e-001  9.8745319e+000
  6.3200000e-001 -7.5748760e+000
  6.3300000e-001 -3.0352236e+001
  6.3400000e-001 -1.5281897e+001
  6.3500000e-001  4.7187217e+000
  6.3600000e-001  5.1401732e+000
  6.3700000e-001  3.6942432e+001
  6.3800000e-001  3.9324827e+001
  6.3900000e-001  1.3205086e+001
  6.4000000e-001  2.2890654e+001
  6.4100000e-001 -8.4982384e+000
  6.4200000e-001 -1.2876997e+001
  6.4300000e-001  1.9691467e+001
  6.4400000e-001  1.7196286e+001
  6.4500000e-001 -1.3948849e+001
  6.4600000e-001 -1.4880159e+001
  6.4700000e-001  2.0169395e+000
  6.4800000e-001  1.3627739e+001
  6.4900000e-001  2.3424383e+001
  6.5000000e-001  8.6883087e+000
  6.5100000e-001 -3.7785145e+001
  6.5200000e-001 -3.7511744e+001
  6.5300000e-001 -3.2894102e+001
  6.5400000e-001 -2.5621058e+001
  6.5500000e-001 -7.8548444e-002
  6.5600000e-001  1.1620413e+001
  6.5700000e-001 -1.7851701e+001
  6.5800000e-001 -2.0274197e+001
  6.5900000e-001 -2.7924009e+000
  6.6000000e-001 -2.1742260e+000
  6.6100000e-001  6.2016885e+000
  6.6200000e-001 -1.2869125e+001
  6.6300000e-001  2.3342786e+001
  6.6400000e-001 -7.0900161e+000
  6.6500000e-001 -3.0078125e+001
  6.6600000e-001 -3.2385514e+001
  6.6700000e-001 -1.6266671e+001
  6.6800000e-001  2.7525115e-001
  6.6900000e-001 -1.2831458e+001
  6.7000000e-001 -3.7654194e+001
  6.7100000e-001 -3.4427665e+001
  6.7200000e-001 -5.1934473e+000
  6.7300000e-001  9.5293693e+000
  6.7400000e-001  9.0374753e+000
  6.7500000e-001 -2.6141097e-001
  6.7600000e-001 -9.4840399e+000
  6.7700000e-001  1.1918014e+001
  6.7800000e-001  3.7204635e+001
  6.7900000e-001  2.1861319e+001
  6.8000000e-001 -9.5145546e+000
  6.8100000e-001  5.7651318e+000
  6.8200000e-001  6.8363780e+000
  6.8300000e-001 -3.3574189e+001
  6.8400000e-001 -4.1496193e+001
  6.8500000e-001 -2.7350386e+000
  6.8600000e-001  2.5610891e+001
  6.8700000e-001  3.2527096e+001
  6.8800000e-001  2.6446532e+001
  6.8900000e-001  1.4742148e+001
  6.9000000e-001  7.6358153e+000
  6.9100000e-001  1.9119759e+001
  6.9200000e-001  1.3669689e+001
  6.9300000e-001 -1.3030875e+001
  6.9400000e-001 -1.1120812e+001
  6.9500000e-001  2.2197843e+001
  6.9600000e-001  4.3534453e+001
  6.9700000e-001  4.0367003e+001
  6.9800000e-001  4.3491299e+001
  6.9900000e-001  3.5127915e+001
  7.0000000e-001  1.5728657e+001
  7.0100000e-001  3.1406795e+001
  7.0200000e-001  2.1387048e+001
  7.0300000e-001  4.0247422e+000
  7.0400000e-001 -1.6375692e+001
  7.0500000e-001 -1.5403421e+000
  7.0600000e-001  3.5452875e+001
  7.0700000e-001  2.5090097e+001
  7.0800000e-001 -1.4259572e+001
  7.0900000e-001 -2.3209745e+001
  7.1000000e-001 -1.6544239e+001
  7.1100000e-001  1.5161707e+000
  7.1200000e-001 -3.4717319e+000
  7.1300000e-001  1.0869365e+001
  7.1400000e-001  3.5031441e+000
  7.1500000e-001 -3.6066060e+001
  7.1600000e-001 -1.9128546e+001
  7.1700000e-001 -9.1312687e-001
  7.1800000e-001  2.7566371e+001
  7.1900000e-001  3.2044567e+001
  7.2000000e-001  3.7302458e+001
  7.2100000e-001  1.2477059e+001
  7.2200000e-001 -1.0804273e+001
  7.2300000e-001 -2.3662089e+001
  7.2400000e-001 -7.8452069e+000
  7.2500000e-001 -2.5278156e+001
  7.2600000e-001 -5.5096325e+001
  7.2700000e-001 -3.8107894e+001
  7.2800000e-001 -4.9574839e+001
  7.2900000e-001 -4.7884766e+001
  7.3000000e-001 -2.6765861e+001
  7.3100000e-001 -3.4990931e+001
  7.3200000e-001 -2.8658603e+001
  7.3300000e-001 -2.0581989e+001
  7.3400000e-001 -9.5220026e+000
  7.3500000e-001 -3.4186744e+001
  7.3600000e-001 -2.3634532e+001
  7.3700000e-001  4.5430417e+000
  7.3800000e-001 -9.1124224e+000
  7.3900000e-001 -3.2221813e+001
  7.4000000e-001 -2.9917762e+001
  7.4100000e-001 -9.4748086e+000
  7.4200000e-001 -1.7159306e-001
  7.4300000e-001 -1.8037881e+001
  7.4400000e-001 -1.4881804e+001
  7.4500000e-001 -2.7656561e+001
  7.4600000e-001 -3.5023930e+001
  7.4700000e-001  5.9975873e+000
  7.4800000e-001  1.2526266e+001
  7.4900000e-001 -1.6400288e+001
  7.5000000e-001  2.0644683e+001
  7.5100000e-001  1.3106639e+001
  7.5200000e-001  1.4725527e+001
  7.5300000e-001 -9.2008142e-001
  7.5400000e-001  2.5773297e+001
  7.5500000e-001  1.8197188e+001
  7.5600000e-001 -3.2254568e+001
  7.5700000e-001 -5.7310392e+001
  7.5800000e-001 -1.0791589e+001
  7.5900000e-001  1.5691634e+001
  7.6000000e-001 -7.7020525e+000
  7.6100000e-001  4.0977357e+000
  7.6200000e-001  3.5793972e+001
  7.6300000e-001  4.7187491e+001
  7.6400000e-001  3.4829977e+001
  7.6500000e-001  2.7354197e+001
  7.6600000e-001 -8.9039876e+000
  7.6700000e-001 -3.7025179e+000
  7.6800000e-001  2.1405595e+000
  7.6900000e-001 -9.3228625e+000
  7.7000000e-001  9.5716853e+000
  7.7100000e-001  1.4265401e+001
  7.7200000e-001  3.2713050e+001
  7.7300000e-001  3.1101955e+001
  7.7400000e-001  7.8859926e+000
  7.7500000e-001  4.1380250e+000
  7.7600000e-001  1.5838638e+001
  7.7700000e-001  1.9211187e+001
  7.7800000e-001 -1.1330442e+000
  7.7900000e-001 -1.6281992e+000
  7.8000000e-001  9.1479804e+000
  7.8100000e-001  5.3102715e+000
  7.8200000e-001 -7.3366914e+000
  7.8300000e-001 -1.7525138e+001
  7.8400000e-001  2.6446994e+000
  7.8500000e-001  1.2842037e+000
  7.8600000e-001 -2.6869856e+001
  7.8700000e-001 -8.8456332e+000
  7.8800000e-001 -1.3099335e+001
  7.8900000e-001 -2.7467651e+001
  7.9000000e-001 -4.5287949e+000
  7.9100000e-001  2.4631756e+000
  7.9200000e-001  6.2726266e+000
  7.9300000e-001  1.1882061e+001
  7.9400000e-001 -4.1339318e-001
  7.9500000e-001 -2.7322851e+001
  7.9600000e-001 -4.1123913e+001
  7.9700000e-001 -3.5550645e+000
  7.9800000e-001  5.6187633e+000
  7.9900000e-001  1.4102639e+001
  8.0000000e-001  3.2508976e+001
  8.0100000e-001 -5.0982950e+000
  8.0200000e-001 -6.9714725e+000
  8.0300000e-001  5.6894551e+000
  8.0400000e-001  1.3400502e+001
  8.0500000e-001  1.6207097e+001
  8.0600000e-001  1.3681258e+001
  8.0700000e-001  3.7344078e+001
  8.0800000e-001  6.0087750e+001
  8.0900000e-001  4.9013611e+001
  8.1000000e-001  1.6359472e+001
  8.1100000e-001 -2.8496680e+001
  8.1200000e-001 -2.6848223e+001
  8.1300000e-001 -2.5981768e+001
  8.1400000e-001 -1.7831439e+000
  8.1500000e-001  3.7775160e+001
  8.1600000e-001  1.6428874e+001
  8.1700000e-001 -3.4962642e+001
  8.1800000e-001 -4.9760662e+001
  8.1900000e-001  4.0175521e-001
  8.2000000e-001  2.7398649e+001
  8.2100000e-001  3.2351999e+001
  8.2200000e-001  4.2193458e+000
  8.2300000e-001  3.2172917e+000
  8.2400000e-001  1.4015902e+001
  8.2500000e-001  8.9669726e+000
  8.2600000e-001 -2.0046881e+001
  8.2700000e-001  6.5061267e-001
  8.2800000e-001  2.2492809e+001
  8.2900000e-001  2.8975337e+001
  8.3000000e-001  1.8702821e+001
  8.3100000e-001  1.1632380e+001
  8.3200000e-001  9.8054596e+000
  8.3300000e-001  1.7779386e+001
  8.3400000e-001  5.3775345e+000
  8.3500000e-001  1.0823485e+001
  8.3600000e-001  4.4706808e+001
  8.3700000e-001  6.9610273e-001
  8.3800000e-001 -1.6232567e+001
  8.3900000e-001  1.9479187e+001
  8.4000000e-001  3.9080340e+001
  8.4100000e-001  4.1542440e+001
  8.4200000e-001  3.8868980e+001
  8.4300000e-001  4.4202976e+001
  8.4400000e-001  4.4846682e+001
  8.4500000e-001  3.8853230e+001
  8.4600000e-001  3.6778454e+001
  8.4700000e-001  3.4103105e+001
  8.4800000e-001 -2.8290805e+000
  8.4900000e-001 -3.6988541e+000
  8.5000000e-001  8.9429748e+000
  8.5100000e-001 -3.4564541e+001
  8.5200000e-001 -2.0003570e+001
  8.5300000e-001 -1.6599451e+001
  8.5400000e-001 -6.3871087e+001
  8.5500000e-001 -3.5624101e+001
  8.5600000e-001 -9.0127027e-001
  8.5700000e-001  4.2082426e+001
  8.5800000e-001  1.1717403e+001
  8.5900000e-001 -8.9903933e+000
  8.6000000e-001  8.7139296e+000
  8.6100000e-001  2.6268191e+001
  8.6200000e-001  2.5401129e+001
  8.6300000e-001  3.2773196e+001
  8.6400000e-001  5.4157320e+001
  8.6500000e-001  3.7026657e+001
  8.6600000e-001  4.6355523e+001
  8.6700000e-001  2.3138407e+001
  8.6800000e-001  2.3568964e+001
  8.6900000e-001  2.5599134e+001
  8.7000000e-001 -1.0431831e+001
  8.7100000e-001 -3.5504703e+000
  8.7200000e-001  3.1961512e+001
  8.7300000e-001  2.9428660e+001
  8.7400000e-001  3.4716219e+001
  8.7500000e-001  5.7719829e+001
  8.7600000e-001  3.2854866e+001
  8.7700000e-001  1.0669144e+001
  8.7800000e-001  2.7872004e+001
  8.7900000e-001  3.7395463e+001
  8.8000000e-001  1.9530291e+001
  8.8100000e-001  2.0754391e+000
  8.8200000e-001  3.2909481e+001
  8.8300000e-001  3.8516220e+001
  8.8400000e-001 -1.3178862e+000
  8.8500000e-001 -4.1362991e+000
  8.8600000e-001 -7.9347541e+000
  8.8700000e-001 -2.0259365e+001
  8.8800000e-001 -5.0644071e+000
  8.8900000e-001 -6.5987762e+000
  8.9000000e-001  2.2489235e+001
  8.9100000e-001  1.8035956e+001
  8.9200000e-001  1.7302612e+001
  8.9300000e-001  3.9128671e+000
  8.9400000e-001  1.9187812e+001
  8.9500000e-001  3.3706895e+001
  8.9600000e-001  2.1528185e+001
  8.9700000e-001 -2.1129311e-001
  8.9800000e-001  2.0673744e+001
  8.9900000e-001  3.6830754e+001
  9.0000000e-001  3.8465293e+001
  9.0100000e-001  3.9504239e+001
  9.0200000e-001  4.2811066e+001
  9.0300000e-001 -1.3194888e+000
  9.0400000e-001 -2.9734529e+001
  9.0500000e-001 -5.4511858e+000
  9.0600000e-001  4.5757680e+001
  9.0700000e-001  4.6520636e+001
  9.0800000e-001  1.2457583e+001
  9.0900000e-001 -1.5813089e+001
  9.1000000e-001 -1.4530658e+001
  9.1100000e-001  2.7601291e+001
  9.1200000e-001  6.2875034e+001
  9.1300000e-001  4.9371928e+001
  9.1400000e-001  2.7054920e+001
  9.1500000e-001  1.5604846e+001
  9.1600000e-001  3.5605508e+001
  9.1700000e-001  5.7662996e+001
  9.1800000e-001  3.5313541e+001
  9.1900000e-001  2.0400397e+001
  9.2000000e-001  1.3010342e+001
  9.2100000e-001  1.2211722e+000
  9.2200000e-001 -3.5110933e+001
  9.2300000e-001 -2.8494208e+001
  9.2400000e-001 -8.2827024e+001
  9.2500000e-001 -7.8677423e+001
  9.2600000e-001 -7.2237631e+001
  9.2700000e-001 -5.8412653e+001
  9.2800000e-001 -1.9211357e+001
  9.2900000e-001 -4.4920426e+001
  9.3000000e-001 -6.5235258e+001
  9.3100000e-001 -5.6907822e+001
  9.3200000e-001 -4.9918465e+001
  9.3300000e-001 -6.4585824e+001
  9.3400000e-001 -8.4277429e+001
  9.3500000e-001 -5.8358706e+001
  9.3600000e-001 -2.4838589e+001
  9.3700000e-001 -1.2126973e+001
  9.3800000e-001 -1.9811597e+001
  9.3900000e-001 -2.5037651e+001
  9.4000000e-001 -1.7442119e+001
  9.4100000e-001 -8.8758722e-001
  9.4200000e-001  5.1073231e+000
  9.4300000e-001  6.1465681e+000
  9.4400000e-001  3.6751555e+000
  9.4500000e-001  1.3365846e+001
  9.4600000e-001  9.4902698e+000
  9.4700000e-001 -2.7676235e+000
  9.4800000e-001  2.9238533e+000
  9.4900000e-001  5.4253066e+000
  9.5000000e-001  1.1528526e+001
  9.5100000e-001  1.8625867e+001
  9.5200000e-001 -3.5753611e-001
  9.5300000e-001 -9.4939822e-001
  9.5400000e-001  0.0000000e+000
  9.5500000e-001  0.0000000e+000
  9.5600000e-001  0.0000000e+000
  9.5700000e-001  0.0000000e+000
  9.5800000e-001  0.0000000e+000
  9.5900000e-001  0.0000000e+000
  9.6000000e-001  0.0000000e+000
  9.6100000e-001  0.0000000e+000
  9.6200000e-001  0.0000000e+000
  9.6300000e-001  0.0000000e+000
  9.6400000e-001  0.0000000e+000
  9.6500000e-001  0.0000000e+000
  9.6600000e-001  0.0000000e+000
  9.6700000e-001  0.0000000e+000
  9.6800000e-001  0.0000000e+000
  9.6900000e-001  0.0000000e+000
  9.7000000e-001  0.0000000e+000
  9.7100000e-001  0.0000000e+000
  9.7200000e-001  0.0000000e+000
  9.7300000e-001  0.0000000e+000
  9.7400000e-001  0.0000000e+000
  9.7500000e-001  0.0000000e+000
  9.7600000e-001  0.0000000e+000
  9.7700000e-001  0.0000000e+000
  9.7800000e-001  0.0000000e+000
  9.7900000e-001  0.0000000e+000
  9.8000000e-001  0.0000000e+000
  9.8100000e-001  0.0000000e+000
  9.8200000e-001  0.0000000e+000
  9.8300000e-001  0.0000000e+000
  9.8400000e-001  0.0000000e+000
  9.8500000e-001  0.0000000e+000
  9.8600000e-001  0.0000000e+000
  9.8700000e-001  0.0000000e+000
  9.8800000e-001  0.0000000e+000
  9.8900000e-001  0.0000000e+000
  9.9000000e-001  0.0000000e+000
  9.9100000e-001  0.0000000e+000
  9.9200000e-001  0.0000000e+000
  9.9300000e-001  0.0000000e+000
  9.9400000e-001  0.0000000e+000
  9.9500000e-001  0.0000000e+000
  9.9600000e-001  0.0000000e+000
  9.9700000e-001  0.0000000e+000
  9.9800000e-001  0.0000000e+000
  9.9900000e-001  0.0000000e+000
  1.0000000e+000  0.0000000e+000
